1560	3	13909653	1	A/G
221	12	3264897	1	A/C
2230	9	31062664	1	C/T
730	18	3773277	1	A/G
1716	5	15510544	1	T/C
1954	7	26473143	1	C/T
1295	23	7816627	1	G/A
1786	6	3572874	1	A/G
1442	2	7558453	1	A/G
1374	24	12599456	1	C/T
370	13	15305096	1	T/C
1837	6	19682539	1	G/A
1029	20	12267903	1	A/G
1120	21	6267107	1	G/A
1	10	244590	1	C/T
446	14	17456707	1	T/C
139	11	7956120	1	G/T
1468	2	13810522	1	G/A
887	19	23616648	1	T/C
1036	20	15367208	1	T/G
1033	20	12904065	1	A/T
257	12	14681283	1	T/C
170	11	20765396	1	T/C
1566	3	14492641	1	C/A
636	16	18357867	1	G/A
1531	3	2190905	1	A/G
1104	20	29971305	1	T/A
1993	8	1492321	1	T/C
1097	20	25820089	1	T/C
1373	24	12216907	1	A/C
1858	6	27182725	1	G/T
1201	22	546456	1	T/A
1348	24	4128837	1	T/C
1871	6	29339953	1	C/T
534	15	21917379	1	G/A
55	10	9436176	1	G/T
1012	20	6168141	1	A/C
645	16	20225299	1	G/A
1577	3	18224178	1	C/T
626	16	16382758	1	G/A
1193	21	25620084	1	G/A
1666	4	23633901	1	A/T
860	19	18126863	1	C/T
2172	9	12552532	1	A/C
1249	22	12930482	1	A/T
926	1	6758574	1	C/T
1412	2	1539924	1	T/C
602	16	10383245	1	A/G
1620	4	4242386	1	G/A
2124	8	24360370	1	G/A
1905	7	9117937	1	C/T
2025	8	3175651	1	C/T
1384	24	13605391	1	G/C
1596	3	23793570	1	T/A
683	17	643047	1	G/A
491	15	4990940	1	C/T
1318	23	23989063	1	G/A
1252	22	14097110	1	A/G
1467	2	13810516	1	G/A
985	1	25910868	1	A/T
1346	24	2904067	1	A/T
271	12	17543080	1	C/T
2068	8	11905522	1	C/T
157	11	17989204	1	T/G
1805	6	10136217	1	C/T
277	12	18810353	1	T/G
196	11	31017085	1	A/G
1170	21	16415937	1	C/A
611	16	13739451	1	A/G
1550	3	10741955	1	C/A
1191	21	25619950	1	G/C
2173	9	13764053	1	G/A
1028	20	12261363	1	C/T
971	1	23717362	1	G/A
1712	5	15012952	1	C/T
487	15	4328201	1	T/C
214	12	1778583	1	C/A
1085	20	21631409	1	T/A
1363	24	9654639	1	C/T
1197	22	160155	1	C/T
155	11	17830997	1	T/C
387	13	24769721	1	A/C
935	1	8357584	1	T/G
1890	7	2795626	1	A/C
1866	6	28340773	1	C/T
1846	6	23388537	1	T/A
738	18	4771776	1	C/T
1887	7	2793878	1	C/A
459	14	23171790	1	A/C
278	12	19208604	1	T/C
1539	3	4712974	1	T/A
1458	2	11524292	1	A/C
2142	9	2082978	1	A/T
453	14	20748137	1	C/T
1489	2	25087613	1	A/C
1903	7	8728863	1	C/T
1681	5	894469	1	G/A
1613	4	1634459	1	A/G
1690	5	6053189	1	T/A
1994	8	2077058	1	A/C
284	12	23917263	1	A/G
2022	8	3155754	1	G/A
1682	5	1034822	1	G/A
1360	24	7745095	1	T/C
42	10	4310693	1	A/G
2063	8	8882124	1	A/G
2186	9	16430605	1	G/A
832	19	10344789	1	A/G
942	1	11902200	1	G/T
435	14	11086587	1	A/G
371	13	15305098	1	A/G
28	10	3439087	1	C/T
1893	7	3365452	1	C/T
657	16	21793510	1	A/G
1277	22	29188158	1	A/G
1900	7	7404991	1	C/A
209	12	1266712	1	C/T
452	14	20695897	1	C/T
2090	8	16725801	1	C/G
1107	20	30775638	1	T/C
557	16	4349769	1	G/T
364	13	14222146	1	G/A
582	16	9274236	1	A/G
1053	20	17285021	1	G/A
1317	23	23805367	1	T/A
1557	3	12866405	1	G/A
417	14	5850981	1	G/A
1251	22	13304263	1	A/G
1063	20	17606459	1	G/T
2182	9	14887293	1	G/T
1942	7	22051322	1	G/A
1361	24	9020096	1	A/T
1552	3	11618947	1	T/G
2156	9	5780206	1	C/T
57	10	9915515	1	C/T
1775	5	31067522	1	A/G
1537	3	3853544	1	T/C
2017	8	2996568	1	A/G
1885	7	2137045	1	A/G
997	1	31205977	1	C/G
158	11	18284211	1	C/G
2114	8	21437138	1	G/A
897	19	25250344	1	T/A
312	13	5441512	1	T/G
1527	3	1214345	1	T/A
1392	24	14176532	1	C/T
951	1	15660065	1	G/A
1646	4	15192579	1	A/T
1771	5	29318631	1	G/C
2231	9	31395334	1	C/A
1601	3	27259181	1	A/G
344	13	10874636	1	G/C
989	1	26680579	1	A/C
342	13	10874624	1	G/A
648	16	20724793	1	G/A
1504	2	28709182	1	G/A
292	12	26122881	1	A/G
2214	9	25605717	1	T/C
223	12	3267305	1	C/A
1603	3	27447324	1	A/T
1161	21	13312933	1	A/G
397	14	1421585	1	C/T
1678	5	892667	1	C/A
1118	21	5386200	1	G/A
78	10	19521463	1	C/T
1208	22	2445566	1	A/G
110	11	3152745	1	G/A
1600	3	27081907	1	G/A
770	18	15093548	1	A/T
58	10	9956723	1	C/T
256	12	14681030	1	T/A
1976	7	30645025	1	C/T
1960	7	26507173	1	C/T
390	13	26588925	1	A/C
11	10	771193	1	G/A
625	16	16382755	1	T/G
1020	20	9268330	1	C/G
754	18	12141547	1	A/T
1823	6	16183158	1	T/C
1611	4	814911	1	A/T
1127	21	8457673	1	G/A
591	16	9732416	1	T/C
1443	2	7594099	1	G/A
253	12	13938820	1	T/C
1494	2	26547579	1	C/T
1651	4	16541072	1	T/A
1082	20	21391725	1	A/G
2018	8	3137364	1	C/T
83	10	20866314	1	C/T
894	19	24942935	1	A/G
1667	4	24864431	1	G/T
220	12	3231040	1	G/T
560	16	4430688	1	A/C
848	19	11697355	1	A/G
1898	7	6784568	1	T/A
1632	4	10482889	1	A/G
1659	4	17999295	1	G/T
1826	6	17862401	1	A/G
1323	23	25350924	1	A/G
855	19	15150369	1	C/T
1760	5	25344415	1	A/T
649	16	21143730	1	A/C
2201	9	20700499	1	A/G
1605	3	28739185	1	T/G
1750	5	23330747	1	C/T
1618	4	3536920	1	T/C
695	17	6698481	1	T/C
597	16	10382171	1	C/T
180	11	23713740	1	T/G
471	14	27682660	1	C/T
428	14	9484488	1	A/T
1920	7	15624131	1	A/G
1279	22	29429775	1	A/G
1260	22	17292415	1	C/A
858	19	17847628	1	G/A
1891	7	3019063	1	G/A
962	1	19758031	1	G/A
163	11	19551367	1	A/T
2193	9	18638163	1	T/G
1617	4	3341646	1	G/A
1238	22	12114821	1	C/T
1849	6	24252056	1	G/T
1099	20	25904992	1	C/T
1827	6	17863284	1	T/C
1564	3	14490919	1	T/G
1388	24	13724467	1	A/G
1745	5	22067769	1	T/A
2087	8	15832157	1	C/T
2004	8	2658323	1	T/C
2122	8	23756537	1	C/T
1876	6	29380868	1	G/A
638	16	18732587	1	T/C
147	11	12707958	1	G/A
1834	6	19010867	1	C/A
1483	2	20852837	1	T/G
938	1	8427028	1	T/A
1604	3	28735313	1	C/T
631	16	16417454	1	A/G
442	14	13418856	1	C/A
853	19	12869854	1	G/A
661	16	22015152	1	G/A
1729	5	17286104	1	G/A
1530	3	1963829	1	C/T
1140	21	9184612	1	G/A
1408	2	1079900	1	C/A
1179	21	21823496	1	C/T
302	12	28358361	1	A/G
1413	2	1539927	1	C/A
1728	5	17286097	1	C/A
1446	2	7857349	1	A/G
2024	8	3167084	1	A/G
206	12	1149510	1	A/G
1265	22	19780587	1	A/T
1042	20	15372444	1	A/T
651	16	21275122	1	T/C
1114	21	4364905	1	A/G
1322	23	25350605	1	A/C
177	11	21946714	1	C/T
1824	6	17034209	1	G/T
2071	8	13301188	1	G/C
74	10	18490449	1	A/G
603	16	11087246	1	A/G
120	11	4114944	1	C/G
722	18	1811001	1	A/T
1470	2	16212006	1	A/T
686	17	2989547	1	T/C
193	11	30822630	1	A/T
1584	3	19076547	1	A/T
1749	5	23045651	1	A/G
1511	2	30197233	1	A/G
775	18	16837217	1	A/C
2112	8	21045914	1	A/G
1753	5	23920266	1	T/A
50	10	8557889	1	T/A
2160	9	7525768	1	T/G
1198	22	312892	1	G/A
97	10	24917049	1	T/C
1210	22	2445572	1	T/A
801	18	20326816	1	C/A
531	15	20552655	1	A/T
1687	5	3876742	1	A/T
1628	4	7620573	1	C/T
1497	2	26760579	1	T/C
1207	22	2153470	1	T/C
140	11	8498169	1	A/G
503	15	6780194	1	A/T
1946	7	24091244	1	A/T
1350	24	4947690	1	G/A
1801	6	10085705	1	C/A
1974	7	30098585	1	C/T
974	1	24472137	1	C/T
743	18	7560702	1	T/G
702	17	8579764	1	G/A
75	10	18490459	1	C/T
1365	24	9971655	1	T/C
1101	20	26276009	1	G/A
1266	22	20049538	1	T/C
1588	3	20067910	1	G/A
1480	2	19976574	1	G/T
1397	24	14469019	1	G/T
910	1	1196469	1	A/T
109	11	3152467	1	G/A
2184	9	16316469	1	T/C
269	12	17277340	1	G/A
1505	2	28794327	1	T/C
1482	2	20115065	1	T/A
871	19	20687271	1	G/A
706	17	13412895	1	C/T
1005	20	2345390	1	T/C
340	13	10874612	1	G/A
1423	2	3798135	1	G/C
245	12	10731877	1	G/A
1150	21	10883535	1	G/A
1433	2	6218428	1	T/C
1559	3	13909652	1	C/A
1429	2	4405491	1	G/A
1965	7	26766176	1	G/T
664	16	22772431	1	G/A
1945	7	23149466	1	A/C
677	16	24719233	1	G/A
1570	3	15467640	1	C/A
599	16	10382182	1	A/G
18	10	1370347	1	G/A
1052	20	17264592	1	T/A
1788	6	3705871	1	C/T
377	13	15868877	1	A/G
924	1	6608493	1	T/C
760	18	13319584	1	C/T
1798	6	10071872	1	C/T
1176	21	18242821	1	T/A
2180	9	14161069	1	G/A
1761	5	25344425	1	T/C
1791	6	6270352	1	C/G
121	11	4303799	1	T/A
1597	3	23861577	1	T/G
655	16	21739050	1	T/G
230	12	4484401	1	A/T
1310	23	16763527	1	T/A
1488	2	21947138	1	T/C
919	1	4210546	1	T/C
755	18	13053102	1	A/G
2205	9	21040130	1	A/C
574	16	7173844	1	T/C
1136	21	9090269	1	C/T
1540	3	4784748	1	A/G
203	11	32134421	1	T/G
2136	8	26814977	1	G/A
79	10	19521492	1	G/C
249	12	11589866	1	A/T
2054	8	6192130	1	A/G
2206	9	21760865	1	T/C
1464	2	13810498	1	G/A
2146	9	4516947	1	G/A
2168	9	11787391	1	C/A
1171	21	16418244	1	C/T
1869	6	29246664	1	G/A
80	10	19887679	1	A/G
299	12	28261524	1	A/G
928	1	6928568	1	A/T
540	15	24386537	1	T/G
1685	5	3873865	1	C/A
1970	7	28836600	1	T/C
752	18	11954754	1	G/A
1430	2	4813498	1	G/A
1369	24	11763378	1	A/G
750	18	11935666	1	T/G
639	16	19415841	1	G/A
1660	4	18126988	1	A/T
1382	24	13309017	1	C/A
1989	8	1230505	1	A/T
1261	22	18435246	1	G/A
1034	20	14011335	1	T/C
1473	2	18677033	1	G/A
1424	2	3812531	1	A/G
303	12	28381683	1	A/G
735	18	4187396	1	G/A
874	19	20832819	1	A/G
1204	22	1038205	1	T/C
2212	9	24176620	1	T/A
2046	8	4512015	1	A/T
1220	22	3184073	1	C/T
886	19	23490105	1	C/T
1112	21	1535628	1	G/T
891	19	24788910	1	A/G
293	12	26335804	1	T/G
422	14	7439640	1	C/T
152	11	16974021	1	A/C
56	10	9831126	1	A/C
1852	6	25224177	1	C/T
2052	8	5349374	1	A/T
488	15	4340829	1	C/T
399	14	1504020	1	G/A
1493	2	26546636	1	G/A
637	16	18576776	1	G/T
1334	23	28825536	1	A/T
1135	21	9089813	1	A/G
95	10	24272495	1	A/G
1522	3	458678	1	G/A
1981	7	30928456	1	A/G
1503	2	28488325	1	C/T
527	15	18049521	1	A/C
1956	7	26482832	1	C/T
607	16	11429969	1	T/C
1780	6	1627944	1	T/C
1270	22	21937293	1	G/A
875	19	20836339	1	A/G
437	14	12586468	1	A/G
766	18	14109214	1	T/C
619	16	15060492	1	A/G
207	12	1149555	1	A/G
2195	9	18675376	1	G/T
1957	7	26482839	1	G/A
576	16	7758739	1	C/A
1882	7	319215	1	A/T
1627	4	7402281	1	T/A
807	18	20821022	1	G/A
921	1	4590381	1	A/C
1612	4	1508478	1	C/T
1787	6	3705859	1	C/T
1253	22	14334549	1	T/A
478	15	1516708	1	T/C
647	16	20628741	1	A/T
1337	23	29683012	1	A/C
943	1	12724909	1	T/C
264	12	16649465	1	C/T
2227	9	30949666	1	C/T
888	19	24366684	1	C/T
1124	21	7497920	1	C/T
1949	7	24349633	1	A/G
2229	9	31034900	1	C/T
1657	4	17999283	1	C/T
1274	22	26570917	1	A/C
458	14	22123255	1	T/C
580	16	9194174	1	G/A
1865	6	27874773	1	A/G
449	14	17491973	1	A/G
2032	8	3556585	1	C/T
1967	7	26766312	1	T/A
243	12	8598160	1	T/C
1962	7	26507177	1	T/A
1449	2	9581841	1	G/A
2070	8	13247146	1	C/A
653	16	21343653	1	G/A
548	16	953521	1	C/G
1075	20	20835409	1	A/C
1376	24	12751414	1	A/T
1523	3	698790	1	C/T
1096	20	25147254	1	G/A
93	10	24169041	1	T/G
688	17	3336988	1	T/A
725	18	2219015	1	T/C
1874	6	29340696	1	C/T
98	10	24917093	1	G/C
2127	8	24481868	1	G/A
460	14	23181197	1	C/T
1231	22	7001636	1	A/G
281	12	22783302	1	A/T
2129	8	25062743	1	C/T
19	10	1526854	1	A/G
1106	20	30518093	1	C/T
217	12	2559530	1	C/G
2217	9	27805445	1	A/T
1227	22	4826982	1	C/G
567	16	5220579	1	A/G
403	14	3345466	1	C/T
1529	3	1821492	1	T/G
1025	20	11036797	1	G/T
248	12	10954820	1	T/A
434	14	10892091	1	G/A
10	10	751589	1	T/C
484	15	4026628	1	A/G
1797	6	10068031	1	G/A
415	14	5771669	1	T/A
1877	6	29399869	1	A/G
680	16	24939306	1	G/C
250	12	11650564	1	C/A
64	10	14200457	1	C/T
2040	8	4171149	1	C/G
1243	22	12396486	1	C/T
1778	5	32006023	1	A/T
818	18	30145680	1	G/T
1689	5	5025898	1	C/T
1121	21	6355968	1	C/T
1032	20	12904053	1	A/T
1626	4	6985464	1	A/C
1173	21	17005947	1	G/C
675	16	24709952	1	C/G
2132	8	26050342	1	A/G
1427	2	3884137	1	A/C
124	11	4474614	1	C/A
2086	8	15475989	1	G/A
1574	3	17985354	1	A/G
955	1	17928113	1	G/A
1312	23	19567714	1	C/A
2094	8	17540911	1	C/T
922	1	5641804	1	T/C
1434	2	6426284	1	A/C
732	18	3829454	1	A/T
779	18	17580609	1	G/A
2083	8	15238749	1	T/C
2020	8	3155747	1	C/A
150	11	16472246	1	G/C
811	18	22649497	1	G/A
2164	9	8701587	1	T/A
1694	5	7870855	1	A/C
1003	1	32181753	1	A/G
1236	22	11044768	1	A/G
1847	6	23757887	1	A/C
1057	20	17571327	1	T/C
721	18	228216	1	G/A
1420	2	2102443	1	T/C
739	18	5152360	1	C/T
1587	3	19159861	1	A/G
1894	7	4701050	1	C/G
498	15	5749573	1	T/A
2138	9	1160320	1	T/C
174	11	21456890	1	C/T
820	18	30727152	1	C/T
53	10	9434613	1	C/T
1218	22	2857345	1	A/G
1776	5	31471301	1	A/T
1829	6	18243851	1	G/A
1508	2	29468524	1	T/A
1375	24	12691301	1	A/G
1961	7	26507175	1	A/G
1019	20	8043539	1	T/C
2108	8	21042260	1	T/A
684	17	643059	1	G/A
1562	3	14488911	1	C/T
2088	8	15832727	1	T/A
1697	5	9925093	1	G/A
1339	23	30192934	1	A/T
1769	5	27849602	1	T/C
439	14	12821354	1	C/G
575	16	7599515	1	C/A
2100	8	19087709	1	C/T
1045	20	15376013	1	T/C
705	17	13063127	1	T/C
252	12	12818599	1	G/A
623	16	16382752	1	A/G
1400	24	14748527	1	T/C
367	13	14290571	1	A/G
1767	5	26425590	1	G/A
844	19	10944647	1	C/A
1921	7	15947075	1	G/A
1914	7	12835747	1	A/G
1580	3	18872947	1	A/G
1490	2	26122512	1	A/G
219	12	2838361	1	A/G
1165	21	13705147	1	C/T
1283	23	3490288	1	C/T
800	18	20325475	1	C/T
90	10	22392129	1	A/G
1934	7	19513356	1	G/A
161	11	18713975	1	T/C
1607	3	30494671	1	A/G
606	16	11088633	1	T/A
808	18	20826859	1	G/A
1844	6	23388532	1	A/T
902	19	25641267	1	G/T
384	13	23660170	1	G/A
412	14	5596810	1	A/G
2091	8	16736501	1	G/T
2042	8	4171335	1	C/T
1299	23	14002735	1	A/G
1938	7	19516399	1	C/T
1248	22	12681835	1	G/A
1050	20	16342989	1	A/G
650	16	21230835	1	A/G
724	18	1811691	1	C/T
1701	5	11380205	1	T/C
1923	7	16870182	1	C/T
392	13	28246890	1	G/T
763	18	13924563	1	G/T
2049	8	4910461	1	G/C
1638	4	11269618	1	A/G
316	13	5520170	1	C/A
728	18	2802094	1	C/T
2092	8	17531512	1	T/C
1229	22	5776607	1	T/C
468	14	27031231	1	G/A
1733	5	20403355	1	A/G
376	13	15867023	1	C/A
809	18	20827822	1	A/T
1982	8	256670	1	T/C
1241	22	12390957	1	T/C
1501	2	28201053	1	A/T
1774	5	31067520	1	G/C
1856	6	25913887	1	G/A
2012	8	2770886	1	A/G
322	13	8400043	1	T/A
372	13	15305112	1	G/A
954	1	16610096	1	A/G
1000	1	31600321	1	C/T
1134	21	9070103	1	A/G
232	12	5816330	1	T/A
99	11	203298	1	G/A
736	18	4745614	1	A/G
960	1	18822811	1	T/A
1676	4	35034030	1	G/A
1643	4	13214709	1	T/C
2057	8	6254632	1	T/C
795	18	20298256	1	C/T
116	11	4099923	1	G/A
1935	7	19513570	1	C/T
244	12	10693634	1	A/T
1239	22	12386551	1	C/T
7	10	743086	1	T/C
563	16	4430699	1	T/C
1474	2	18677139	1	A/G
815	18	26215247	1	C/T
1437	2	7045414	1	G/A
816	18	28237570	1	G/T
1764	5	25424261	1	A/G
1730	5	17751226	1	G/T
1100	20	25999012	1	C/T
2105	8	19444370	1	T/G
96	10	24862495	1	C/G
660	16	21902689	1	C/T
1908	7	10527980	1	A/G
693	17	6429859	1	G/A
920	1	4389754	1	T/A
1416	2	2096505	1	C/A
2067	8	11892769	1	C/A
1221	22	3228260	1	A/G
697	17	7306749	1	A/T
2224	9	30396991	1	A/C
1520	3	410697	1	C/T
189	11	29074262	1	G/A
2118	8	23003035	1	C/T
1282	23	1260652	1	A/C
379	13	18039841	1	C/T
2185	9	16430579	1	T/A
994	1	30044669	1	G/A
1103	20	29971304	1	T/C
1366	24	10520241	1	C/T
1610	4	792156	1	C/G
1011	20	6168140	1	A/C
201	11	31378564	1	A/G
286	12	24140995	1	C/A
1848	6	24068622	1	T/C
1254	22	14449288	1	A/C
2141	9	1763698	1	G/T
583	16	9311109	1	T/C
1828	6	18102984	1	C/T
1205	22	1245387	1	T/A
1130	21	8750342	1	C/T
1144	21	9925309	1	A/T
1516	2	30247670	1	C/T
1139	21	9152865	1	A/C
130	11	4728427	1	A/G
323	13	8854574	1	T/A
1556	3	12866240	1	A/G
409	14	4086813	1	G/A
923	1	5698921	1	T/C
1951	7	25384112	1	A/T
965	1	21428359	1	T/A
1933	7	19513294	1	A/T
1056	20	17568996	1	T/C
1924	7	18177914	1	C/G
1233	22	9527461	1	C/G
1138	21	9151288	1	T/G
1663	4	21528886	1	A/G
1195	21	25941850	1	A/G
2125	8	24373760	1	A/C
45	10	6564817	1	T/C
233	12	5816345	1	T/C
2007	8	2689284	1	A/G
1119	21	5733039	1	C/T
84	10	20866315	1	T/C
115	11	4062676	1	T/G
1625	4	6985454	1	G/A
1111	21	577849	1	G/A
802	18	20329514	1	G/A
1744	5	22067615	1	G/A
1492	2	26316502	1	A/C
1966	7	26766181	1	G/A
742	18	5714619	1	T/C
939	1	8427279	1	T/G
2153	9	5651274	1	C/T
1046	20	15376599	1	G/A
429	14	9780427	1	C/G
868	19	19948914	1	A/G
2084	8	15305432	1	A/G
543	16	630528	1	G/C
1637	4	11269523	1	C/T
1278	22	29188159	1	C/A
2149	9	4979994	1	C/T
1065	20	18416201	1	G/T
1860	6	27307629	1	A/G
593	16	9748679	1	G/A
1909	7	10576836	1	G/A
957	1	18015916	1	C/T
1018	20	7980707	1	C/A
1737	5	20994627	1	T/A
2005	8	2686552	1	G/A
1141	21	9845848	1	T/C
1661	4	18126993	1	C/T
1451	2	9790347	1	G/A
2080	8	14563885	1	C/T
1359	24	7740941	1	G/C
1888	7	2794063	1	C/T
1341	24	1278198	1	A/C
929	1	7305823	1	A/G
1875	6	29380807	1	G/T
1105	20	30101104	1	A/T
507	15	8295690	1	G/A
1740	5	21444193	1	A/G
1677	5	139374	1	T/G
2026	8	3359623	1	A/G
35	10	3739808	1	A/G
1808	6	12076766	1	C/T
2209	9	22225236	1	A/G
1158	21	12095095	1	A/G
1572	3	16544601	1	T/A
521	15	14264030	1	A/C
1217	22	2831238	1	T/G
1789	6	3705895	1	C/T
790	18	17674363	1	G/C
1242	22	12396478	1	C/G
1747	5	22103165	1	C/T
1259	22	17292045	1	G/A
941	1	9967431	1	C/T
1401	24	14748566	1	C/T
1421	2	3103412	1	A/G
826	19	1600937	1	T/C
551	16	3668254	1	T/C
847	19	10954440	1	G/A
1925	7	18959499	1	A/G
667	16	24296236	1	T/C
341	13	10874621	1	G/A
1947	7	24091245	1	G/A
301	12	28273911	1	T/G
1164	21	13646269	1	C/T
1688	5	4973815	1	G/T
71	10	16228946	1	A/G
561	16	4430692	1	C/A
1351	24	5104905	1	A/C
1553	3	11618948	1	A/G
1636	4	11258196	1	C/A
89	10	22392005	1	A/G
1246	22	12597342	1	A/C
1006	20	3180489	1	G/T
1816	6	13962267	1	A/G
1040	20	15372416	1	T/C
948	1	15480040	1	A/G
1790	6	6229018	1	C/T
211	12	1266731	1	G/A
374	13	15305126	1	G/T
1542	3	5357969	1	A/G
544	16	705562	1	T/A
1290	23	6148120	1	A/T
978	1	25158251	1	T/C
2158	9	6642282	1	G/T
911	1	1196472	1	A/T
927	1	6928566	1	T/A
676	16	24713697	1	C/T
1309	23	16762586	1	T/A
1984	8	781706	1	C/T
893	19	24940730	1	T/C
2019	8	3155742	1	G/A
427	14	7735882	1	C/A
617	16	14924101	1	C/A
2053	8	5445396	1	A/T
1779	5	32450794	1	G/A
22	10	1798644	1	C/T
2171	9	11958244	1	C/T
1058	20	17573176	1	T/C
2155	9	5653170	1	A/G
1571	3	16147074	1	T/A
835	19	10545893	1	T/C
1873	6	29340170	1	A/T
1307	23	16175920	1	T/G
1431	2	5971561	1	G/A
1765	5	26074941	1	G/A
1471	2	18502108	1	G/A
259	12	14694312	1	T/G
2204	9	20997160	1	T/G
154	11	17743878	1	C/T
1758	5	25047476	1	T/A
1145	21	10047124	1	T/A
347	13	11175602	1	A/C
1355	24	6222178	1	G/T
1064	20	17611164	1	A/G
13	10	886354	1	T/C
656	16	21793509	1	C/T
1991	8	1384128	1	C/T
698	17	7309037	1	A/G
1455	2	10092855	1	A/G
1271	22	23362222	1	A/G
310	13	4217643	1	A/G
329	13	10645577	1	G/A
1358	24	6478434	1	C/T
1502	2	28202051	1	A/C
513	15	10939329	1	T/C
1125	21	8453875	1	C/T
1452	2	9798971	1	T/C
348	13	12028154	1	G/C
825	19	664362	1	A/G
443	14	13418859	1	T/C
37	10	3766467	1	G/A
1344	24	2218839	1	A/C
394	14	519056	1	T/A
1723	5	16453880	1	T/G
982	1	25910859	1	A/T
2003	8	2483580	1	C/G
2069	8	12113790	1	T/C
1862	6	27579909	1	G/A
1958	7	26483111	1	C/T
1616	4	2721998	1	G/A
976	1	24571880	1	C/T
1926	7	19097320	1	C/T
410	14	4591378	1	A/T
2050	8	5117405	1	C/A
103	11	1718661	1	C/T
1806	6	10584969	1	T/C
445	14	16686491	1	C/T
1244	22	12396495	1	G/T
479	15	2691536	1	T/C
682	17	643044	1	C/T
1232	22	9470879	1	T/A
418	14	5904402	1	A/G
840	19	10944581	1	C/T
1199	22	339036	1	C/T
789	18	17673934	1	T/C
1845	6	23388535	1	C/A
538	15	24386535	1	A/T
568	16	5241916	1	T/A
1235	22	10464381	1	C/G
276	12	18770948	1	T/C
1264	22	19684068	1	T/G
416	14	5850950	1	T/C
1496	2	26760527	1	C/T
357	13	13221147	1	T/G
191	11	29525203	1	G/A
1338	23	29746065	1	T/C
838	19	10944574	1	C/T
1735	5	20430601	1	A/T
1674	4	33440449	1	C/T
1506	2	29248004	1	C/T
1435	2	6931036	1	A/T
2089	8	15834130	1	A/T
1089	20	22043434	1	T/A
2183	9	16316458	1	A/G
1879	6	29825662	1	G/A
1478	2	19385102	1	T/G
1168	21	16414255	1	C/G
872	19	20695519	1	A/C
1004	20	2100959	1	T/C
1813	6	12978891	1	A/C
400	14	1554997	1	C/A
1155	21	11028936	1	G/A
2116	8	22700204	1	C/T
2034	8	3563974	1	T/C
905	1	306531	1	A/C
523	15	14315599	1	G/A
628	16	16382766	1	T/C
2047	8	4512016	1	G/A
473	14	27862127	1	G/A
1640	4	11929063	1	C/T
40	10	4109752	1	C/G
805	18	20384497	1	C/T
991	1	26906359	1	G/A
1818	6	14943081	1	C/T
1724	5	16592072	1	T/C
472	14	27820139	1	C/T
2139	9	1164107	1	T/C
1447	2	8044036	1	A/T
1183	21	24191309	1	G/T
2082	8	14564354	1	T/C
1061	20	17575016	1	G/C
852	19	12576545	1	A/G
1212	22	2446714	1	A/T
937	1	8427022	1	C/T
1707	5	12498520	1	T/A
1971	7	29550509	1	G/A
186	11	28486877	1	T/A
865	19	19858601	1	C/T
1284	23	3855044	1	G/A
166	11	20491580	1	G/A
1074	20	20700279	1	A/G
539	15	24386536	1	A/G
1324	23	25390976	1	T/G
813	18	23372442	1	A/T
1080	20	21390167	1	G/T
662	16	22015172	1	T/A
1980	7	30891244	1	T/C
1741	5	21500570	1	G/C
1719	5	15514241	1	T/C
1732	5	20032310	1	C/G
321	13	8391330	1	T/C
1026	20	12193883	1	T/G
1839	6	20800222	1	T/G
2066	8	10808295	1	G/A
604	16	11087247	1	C/A
996	1	30262260	1	T/A
956	1	17933223	1	T/A
287	12	24491400	1	T/C
600	16	10383230	1	G/A
784	18	17582027	1	G/A
964	1	21185542	1	T/C
882	19	21857653	1	A/G
1679	5	894444	1	G/A
917	1	3820426	1	C/T
1691	5	6053203	1	G/A
2226	9	30949485	1	C/T
1990	8	1314165	1	G/A
2033	8	3558662	1	G/A
608	16	11665744	1	A/C
510	15	9634438	1	G/A
1803	6	10086144	1	G/A
1116	21	4365695	1	T/A
88	10	22379613	1	C/T
547	16	756830	1	C/A
1044	20	15373688	1	G/T
402	14	3265183	1	G/C
290	12	25373457	1	G/C
817	18	29970126	1	C/T
1937	7	19515782	1	T/G
610	16	13212126	1	T/G
2165	9	8987010	1	A/C
671	16	24493106	1	C/T
598	16	10382177	1	G/A
1209	22	2445571	1	C/T
1167	21	16359732	1	T/C
475	15	1228004	1	C/A
375	13	15837494	1	A/C
711	17	15577814	1	C/T
1586	3	19159651	1	C/T
92	10	23423328	1	C/T
708	17	15437873	1	A/G
878	19	20956458	1	A/T
988	1	26659422	1	T/A
772	18	15566334	1	C/T
1021	20	10153377	1	T/C
1548	3	10015789	1	A/T
1371	24	11842206	1	C/T
369	13	15265367	1	C/A
128	11	4626761	1	G/T
778	18	17580521	1	C/T
990	1	26686508	1	T/G
448	14	17491963	1	A/T
1673	4	32272896	1	G/A
1499	2	26760586	1	T/C
1030	20	12775589	1	T/A
2133	8	26050344	1	T/C
34	10	3739793	1	C/A
1062	20	17590662	1	C/T
627	16	16382764	1	T/C
571	16	6476870	1	T/C
1785	6	3346031	1	A/G
2045	8	4206137	1	T/C
2078	8	14558431	1	A/G
195	11	30822715	1	T/G
413	14	5596814	1	A/G
712	17	15611041	1	T/C
823	19	150669	1	C/T
958	1	18050087	1	T/A
1800	6	10085699	1	C/T
1518	2	30247922	1	G/T
864	19	19541995	1	A/T
984	1	25910865	1	A/T
1329	23	26378936	1	T/C
577	16	7874894	1	T/C
296	12	27154393	1	C/T
149	11	15140319	1	A/G
673	16	24496091	1	C/T
787	18	17645096	1	C/T
1711	5	14532291	1	A/T
315	13	5519900	1	C/T
247	12	10954525	1	A/T
485	15	4026629	1	T/C
254	12	14522599	1	T/A
1448	2	8127227	1	G/A
1746	5	22079005	1	G/A
1997	8	2135493	1	C/G
194	11	30822662	1	A/C
1819	6	15490242	1	A/C
1883	7	1811096	1	G/C
1335	23	28825548	1	A/G
107	11	2645644	1	T/C
1534	3	3518815	1	A/G
39	10	4071973	1	G/T
136	11	7646089	1	A/G
692	17	5952615	1	G/A
350	13	12205837	1	T/C
1001	1	31600326	1	C/T
1465	2	13810510	1	A/G
1095	20	25147251	1	T/C
1048	20	15934544	1	T/G
595	16	9752989	1	A/G
1979	7	30853805	1	C/T
456	14	21514077	1	C/T
105	11	2578194	1	C/A
1669	4	28303980	1	G/A
1624	4	6985451	1	G/A
1770	5	28103384	1	T/C
1133	21	8973736	1	T/G
1902	7	8378179	1	T/C
2097	8	18302372	1	T/C
1450	2	9789434	1	A/C
1536	3	3518836	1	T/A
1172	21	16936743	1	C/T
2119	8	23314232	1	T/C
1432	2	6080292	1	A/C
1917	7	13950652	1	T/A
1558	3	13908385	1	C/T
1939	7	21334018	1	G/T
1137	21	9093673	1	G/A
1091	20	23207173	1	C/T
1215	22	2630584	1	G/A
167	11	20745329	1	C/G
1840	6	20805965	1	T/C
1573	3	16700368	1	C/T
2060	8	8435810	1	T/G
1936	7	19515743	1	T/C
668	16	24490704	1	T/C
769	18	15093545	1	G/A
1533	3	3518779	1	G/A
900	19	25250366	1	C/A
1815	6	13935636	1	T/C
1407	2	622124	1	T/G
1639	4	11269623	1	T/C
101	11	553067	1	T/G
236	12	5872806	1	C/T
1696	5	8860134	1	G/T
285	12	24139228	1	A/T
880	19	21254027	1	G/A
1583	3	19076541	1	C/A
222	12	3264898	1	G/A
632	16	16979548	1	T/C
380	13	19346496	1	T/C
652	16	21275143	1	T/C
783	18	17581947	1	T/A
2028	8	3367095	1	G/T
1963	7	26507183	1	T/A
1090	20	23053515	1	G/A
572	16	6558041	1	G/T
1705	5	12498480	1	A/T
2111	8	21044231	1	A/C
1693	5	7804011	1	A/G
845	19	10954249	1	T/C
542	16	510817	1	A/G
164	11	19996933	1	G/T
335	13	10813875	1	G/C
2221	9	30122524	1	T/A
1581	3	18873766	1	T/C
366	13	14230239	1	G/C
851	19	12558344	1	A/G
550	16	2828118	1	A/T
934	1	8351716	1	C/T
1194	21	25727576	1	C/T
1159	21	12445247	1	G/C
1832	6	18691657	1	G/A
1462	2	13293096	1	T/A
558	16	4349781	1	C/T
1928	7	19339311	1	A/G
291	12	25485206	1	G/A
589	16	9720318	1	A/C
1996	8	2134360	1	A/C
1988	8	1191567	1	G/A
496	15	5243343	1	A/G
1793	6	8533580	1	A/T
1286	23	5218284	1	C/T
69	10	15760613	1	A/G
658	16	21793518	1	A/G
2121	8	23756110	1	G/A
1328	23	25827671	1	C/T
1345	24	2715084	1	G/C
916	1	3466306	1	C/T
2225	9	30514009	1	T/C
2194	9	18657687	1	A/C
2038	8	4074588	1	A/G
1372	24	12216873	1	C/G
1886	7	2791994	1	G/A
2055	8	6253878	1	C/T
405	14	3804591	1	G/C
846	19	10954395	1	A/T
330	13	10645696	1	C/T
1349	24	4712022	1	A/G
2192	9	18284559	1	C/T
240	12	8290350	1	G/A
1225	22	3367342	1	G/A
812	18	22866050	1	G/T
1853	6	25224347	1	T/C
1889	7	2794531	1	T/G
275	12	18770943	1	A/T
113	11	3989497	1	T/C
768	18	14965480	1	A/G
822	18	31933392	1	A/T
963	1	19785206	1	T/C
326	13	9912419	1	A/G
2189	9	16732083	1	G/C
1799	6	10075479	1	G/T
1543	3	8335075	1	C/G
5	10	742674	1	A/T
2039	8	4097143	1	C/T
16	10	1345358	1	T/G
579	16	9191974	1	T/C
451	14	18564819	1	G/C
60	10	12444592	1	T/C
767	18	14941363	1	A/T
1245	22	12396501	1	G/T
68	10	15731984	1	A/T
126	11	4474626	1	T/G
1896	7	6380696	1	G/T
1950	7	24349634	1	A/T
842	19	10944623	1	C/T
1922	7	16286045	1	C/T
1986	8	914990	1	G/A
406	14	4003765	1	G/A
969	1	23419194	1	A/G
525	15	15944008	1	T/A
528	15	18056098	1	C/A
1987	8	1048190	1	G/T
1298	23	10889734	1	A/C
1035	20	14655793	1	T/C
1072	20	20260843	1	G/C
1998	8	2135742	1	G/T
1315	23	21614508	1	C/A
810	18	20948689	1	T/C
49	10	7334179	1	G/A
1188	21	25366214	1	A/G
565	16	4652834	1	T/C
499	15	5749576	1	C/A
1126	21	8454032	1	G/A
309	13	3328227	1	C/G
792	18	17705865	1	T/C
59	10	10170923	1	G/T
192	11	29728767	1	G/A
931	1	7306368	1	C/A
1078	20	21389772	1	G/A
176	11	21844500	1	G/A
1426	2	3858643	1	G/C
1532	3	3121308	1	A/T
829	19	5349124	1	A/G
1647	4	15954513	1	A/G
1563	3	14489045	1	T/C
1756	5	24950512	1	G/A
819	18	30509920	1	T/A
867	19	19948913	1	A/G
1300	23	14028109	1	C/T
1664	4	21531174	1	G/A
135	11	7504539	1	T/C
2187	9	16430615	1	A/G
780	18	17581125	1	T/C
1569	3	15461278	1	T/C
1047	20	15377464	1	C/T
352	13	12217123	1	A/G
634	16	17737402	1	A/G
1131	21	8961569	1	C/T
280	12	22625261	1	G/A
1076	20	21293995	1	A/G
1645	4	15192113	1	T/C
644	16	20225270	1	T/A
1722	5	15742280	1	T/C
535	15	24091626	1	G/A
395	14	793174	1	G/A
781	18	17581313	1	T/G
2064	8	10477560	1	C/A
32	10	3739112	1	A/C
753	18	11973125	1	T/C
643	16	20225265	1	G/A
1068	20	19033138	1	T/G
1395	24	14297744	1	G/T
785	18	17590077	1	C/A
2036	8	3788961	1	G/A
38	10	3780393	1	G/A
401	14	3047044	1	C/T
849	19	11764466	1	T/C
1524	3	805501	1	C/A
719	17	20533914	1	T/G
654	16	21635652	1	A/G
578	16	8986111	1	A/G
1219	22	3177848	1	G/T
173	11	20881069	1	A/G
1899	7	7305403	1	G/A
1240	22	12390211	1	A/G
1972	7	29582099	1	G/C
86	10	22120631	1	T/A
2115	8	21827724	1	G/A
570	16	5876752	1	C/T
1156	21	11093663	1	G/C
870	19	20314222	1	A/G
1108	20	31667741	1	A/T
701	17	8502526	1	A/G
1391	24	14176483	1	T/C
1807	6	12059152	1	G/A
1943	7	22051432	1	G/A
447	14	17456711	1	C/T
1907	7	10374611	1	G/A
2101	8	19103143	1	A/G
899	19	25250365	1	C/T
2177	9	14042548	1	A/G
1535	3	3518818	1	A/G
1216	22	2729844	1	G/C
1855	6	25254870	1	C/A
1285	23	5058710	1	C/T
179	11	21974741	1	G/A
198	11	31162544	1	A/T
334	13	10680548	1	T/G
1621	4	6235963	1	G/A
2016	8	2986937	1	G/A
566	16	4653938	1	T/C
266	12	16966232	1	T/C
1250	22	13304251	1	T/C
1180	21	21830749	1	A/G
235	12	5816575	1	T/G
1593	3	23780366	1	T/C
1606	3	30050315	1	G/C
1698	5	10252345	1	A/G
1517	2	30247912	1	T/C
1794	6	8719181	1	A/C
1656	4	17646043	1	T/A
381	13	20394606	1	A/G
1422	2	3271984	1	T/A
343	13	10874630	1	A/G
134	11	7502473	1	G/T
1579	3	18570046	1	G/A
2219	9	29531365	1	G/A
1456	2	10288357	1	C/A
998	1	31222217	1	G/C
915	1	3159318	1	G/A
407	14	4004483	1	C/T
514	15	10942712	1	C/T
793	18	17706355	1	C/A
1289	23	6148117	1	G/A
1387	24	13644387	1	A/T
8	10	743103	1	A/G
182	11	26031081	1	G/C
1037	20	15368861	1	C/T
831	19	8660595	1	A/T
15	10	1204390	1	A/G
368	13	14825107	1	T/C
1166	21	16004477	1	C/T
1884	7	2037932	1	G/C
747	18	10267219	1	G/A
289	12	24802078	1	A/T
1718	5	15511548	1	A/T
1549	3	10043730	1	C/A
1940	7	22045987	1	G/T
1087	20	21660006	1	C/T
685	17	1920155	1	A/G
408	14	4031857	1	G/T
1147	21	10345121	1	A/G
1985	8	914989	1	T/C
331	13	10645827	1	C/T
365	13	14222151	1	C/T
440	14	12889289	1	A/C
2167	9	10498392	1	T/A
749	18	11161426	1	T/C
1642	4	13214708	1	C/T
2056	8	6254516	1	G/T
1811	6	12477193	1	G/A
1930	7	19417547	1	T/A
1425	2	3812532	1	A/G
1809	6	12233779	1	T/C
729	18	2960426	1	A/G
524	15	14966462	1	G/C
1953	7	26472844	1	T/A
2103	8	19172107	1	C/G
1720	5	15514715	1	T/G
431	14	10433682	1	A/G
641	16	19833861	1	T/C
1055	20	17525843	1	A/T
1892	7	3342808	1	T/C
12	10	810613	1	C/T
2208	9	22088613	1	T/C
1177	21	19995604	1	A/G
1717	5	15511004	1	A/T
1872	6	29340070	1	T/C
2152	9	5269591	1	G/A
1010	20	5722615	1	A/C
1766	5	26260349	1	A/G
2202	9	20899427	1	A/C
1857	6	25936420	1	G/A
255	12	14680553	1	C/T
1059	20	17573573	1	A/T
430	14	9826979	1	T/C
141	11	8551295	1	C/T
581	16	9274228	1	A/C
1510	2	30188381	1	A/G
1088	20	22031098	1	G/T
112	11	3369014	1	C/T
723	18	1811005	1	T/G
1086	20	21657310	1	C/T
2223	9	30396990	1	G/T
20	10	1564068	1	G/C
262	12	15808852	1	C/T
1110	21	236106	1	A/G
2048	8	4701477	1	C/T
67	10	15721265	1	G/A
856	19	15374471	1	T/C
1067	20	19033134	1	G/A
168	11	20745724	1	C/T
569	16	5865337	1	A/G
239	12	7005614	1	A/T
1367	24	10636003	1	C/A
1781	6	1861207	1	G/C
881	19	21337125	1	G/A
837	19	10944020	1	T/G
1237	22	11049018	1	C/T
465	14	25798060	1	G/A
663	16	22718910	1	A/G
1305	23	15278509	1	T/G
441	14	13335392	1	G/A
339	13	10874610	1	A/T
1715	5	15510131	1	C/A
492	15	5153868	1	C/T
1631	4	10482886	1	T/C
385	13	24590564	1	A/C
1190	21	25619932	1	C/T
1969	7	28685183	1	G/C
2157	9	5888612	1	T/C
821	18	30729934	1	T/C
463	14	24791339	1	T/C
512	15	9870853	1	G/C
2147	9	4971972	1	A/T
1742	5	21631463	1	T/A
2175	9	13771767	1	C/T
1414	2	1539931	1	C/T
605	16	11087260	1	C/T
114	11	4059664	1	C/G
2010	8	2702221	1	T/A
1743	5	21786229	1	A/T
327	13	9946494	1	G/A
1466	2	13810514	1	G/A
884	19	23312096	1	A/G
1634	4	10658723	1	A/G
1752	5	23693483	1	A/C
827	19	2198263	1	A/C
516	15	12019247	1	T/C
1281	23	449588	1	T/A
689	17	4443074	1	G/A
2220	9	29987641	1	G/A
1143	21	9859458	1	G/T
1272	22	23532240	1	A/G
2073	8	13546144	1	T/A
1814	6	13088070	1	T/A
345	13	10904312	1	A/C
529	15	19872331	1	A/C
2130	8	25062744	1	A/T
635	16	17985747	1	C/A
804	18	20358165	1	G/A
1568	3	14492651	1	T/G
1859	6	27292033	1	C/T
1094	20	23986966	1	C/T
41	10	4260773	1	A/G
294	12	27072310	1	T/C
1098	20	25904987	1	T/C
1641	4	13214697	1	A/G
1629	4	9065133	1	A/G
66	10	14682624	1	T/C
111	11	3164419	1	G/A
669	16	24490837	1	G/T
895	19	25250333	1	T/A
156	11	17965227	1	C/T
546	16	745588	1	T/C
992	1	28347091	1	C/A
892	19	24940729	1	C/T
2109	8	21043600	1	A/G
1512	2	30211627	1	A/G
300	12	28270346	1	G/C
44	10	5707597	1	G/A
2113	8	21045940	1	G/T
877	19	20956457	1	A/T
1999	8	2135891	1	T/C
171	11	20765604	1	G/C
1257	22	15842361	1	T/A
1708	5	12511766	1	A/G
1362	24	9477208	1	A/G
117	11	4111794	1	T/G
1336	23	29664857	1	T/G
2163	9	7526370	1	C/A
1326	23	25807358	1	A/T
1327	23	25813225	1	G/A
153	11	16974024	1	A/G
1093	20	23800649	1	T/A
2077	8	14558272	1	C/T
1555	3	12741065	1	A/G
355	13	13066730	1	C/T
1419	2	2102118	1	A/T
2128	8	24844207	1	T/C
234	12	5816572	1	T/A
530	15	19877467	1	C/A
391	13	27593237	1	C/G
716	17	17485634	1	A/G
1477	2	19341004	1	C/A
267	12	16966234	1	A/C
464	14	25526131	1	T/C
200	11	31335845	1	G/A
1352	24	5107160	1	A/C
2210	9	22817991	1	A/G
1304	23	14353258	1	T/C
1802	6	10086127	1	C/T
142	11	10164000	1	C/A
950	1	15625261	1	C/G
2162	9	7526001	1	T/C
707	17	15435911	1	T/C
1415	2	1951325	1	C/T
2059	8	6299471	1	T/C
833	19	10463379	1	A/T
218	12	2711487	1	G/A
1292	23	6841958	1	A/G
455	14	21274737	1	T/G
758	18	13319575	1	C/T
1736	5	20846958	1	A/G
274	12	18647353	1	A/T
2181	9	14169735	1	T/C
737	18	4771774	1	C/T
615	16	14614967	1	A/T
624	16	16382753	1	A/T
1356	24	6222208	1	C/T
549	16	1563056	1	G/C
33	10	3739785	1	T/C
907	1	1171547	1	T/A
1881	6	30082505	1	A/C
1196	21	26363360	1	G/A
520	15	14264026	1	G/A
876	19	20956456	1	A/T
1453	2	9807958	1	G/A
125	11	4474615	1	A/C
337	13	10874579	1	C/T
704	17	13063126	1	T/C
1444	2	7855573	1	G/A
480	15	2884577	1	G/A
918	1	4016916	1	C/T
630	16	16382785	1	G/A
883	19	23061608	1	T/C
1189	21	25366670	1	G/A
2191	9	18284558	1	A/T
552	16	4083491	1	A/G
505	15	7645124	1	C/A
511	15	9856851	1	T/C
936	1	8426650	1	C/T
1017	20	7764832	1	C/T
260	12	14797560	1	C/T
1463	2	13622866	1	T/C
1822	6	15523556	1	C/T
773	18	15910520	1	C/A
2076	8	14036128	1	T/C
1709	5	13090919	1	C/T
359	13	13604977	1	C/A
1276	22	29188157	1	A/T
1181	21	23239419	1	G/A
1380	24	12865004	1	G/A
1757	5	24955148	1	C/G
306	13	591781	1	G/A
483	15	4026626	1	G/T
1633	4	10488364	1	A/T
1683	5	2395116	1	T/C
2126	8	24421616	1	G/A
160	11	18662852	1	C/T
2014	8	2955777	1	G/C
2	10	678178	1	A/G
952	1	15758124	1	C/T
1411	2	1475271	1	C/T
532	15	20792118	1	A/G
2035	8	3602397	1	C/T
1602	3	27373620	1	A/G
1255	22	14620774	1	A/C
3	10	694677	1	T/C
1314	23	20861115	1	A/G
797	18	20300103	1	C/T
2137	8	27162336	1	A/G
396	14	1303810	1	C/T
791	18	17705815	1	G/A
389	13	26513476	1	A/T
554	16	4219751	1	G/A
1699	5	11265596	1	C/T
351	13	12205838	1	G/A
1409	2	1442443	1	C/T
806	18	20418758	1	T/C
762	18	13424205	1	G/A
2106	8	19686466	1	G/A
761	18	13320637	1	T/C
1226	22	3523515	1	A/G
1311	23	17550987	1	C/A
1654	4	17644452	1	C/T
1835	6	19630787	1	A/G
2009	8	2689392	1	T/C
1650	4	16338922	1	C/T
2159	9	6699651	1	T/A
517	15	13818898	1	C/T
1399	24	14747992	1	A/C
979	1	25442366	1	C/T
537	15	24386534	1	A/T
508	15	8328885	1	G/A
1959	7	26507171	1	C/T
1521	3	458146	1	T/G
659	16	21796545	1	T/C
678	16	24719234	1	G/A
1481	2	20076926	1	T/C
2013	8	2868550	1	T/G
332	13	10646253	1	T/C
1256	22	15287149	1	T/A
1262	22	19233975	1	A/T
1383	24	13466132	1	C/T
1671	4	31799734	1	T/C
1703	5	11432583	1	C/A
1895	7	4930483	1	G/A
555	16	4349746	1	C/T
953	1	16096995	1	C/T
1864	6	27873042	1	G/A
1977	7	30763672	1	C/T
77	10	19092720	1	G/C
1575	3	17985396	1	G/A
1258	22	15845618	1	T/A
373	13	15305118	1	C/T
1079	20	21390082	1	C/T
1929	7	19339340	1	C/A
908	1	1172495	1	A/G
2135	8	26315850	1	G/A
1768	5	26518213	1	C/T
1319	23	24127249	1	T/C
1027	20	12260989	1	T/A
1439	2	7238789	1	A/T
425	14	7727334	1	G/A
786	18	17607258	1	A/G
1163	21	13491672	1	C/T
466	14	26312959	1	G/T
1302	23	14352831	1	G/T
202	11	31817741	1	C/T
1146	21	10298003	1	T/C
414	14	5596826	1	A/G
2029	8	3367305	1	C/T
1038	20	15369693	1	C/T
1561	3	13911355	1	C/T
1438	2	7138684	1	C/A
913	1	1213346	1	A/C
1381	24	12974769	1	A/G
717	17	19272046	1	A/C
1009	20	5710539	1	C/T
1092	20	23207179	1	C/T
1662	4	21501595	1	T/G
73	10	17830767	1	A/C
2072	8	13301206	1	C/T
1267	22	20103804	1	T/C
317	13	5798348	1	T/A
1175	21	18242802	1	A/G
946	1	14245498	1	A/G
1615	4	2721213	1	G/A
2074	8	13551820	1	G/A
325	13	9368139	1	T/G
1582	3	19036932	1	A/C
1390	24	13838448	1	T/C
1228	22	4973399	1	G/A
1992	8	1454135	1	A/G
1280	23	387670	1	A/G
824	19	150670	1	A/G
850	19	11924594	1	G/A
383	13	23466746	1	T/C
2104	8	19442113	1	T/C
1023	20	10710110	1	G/A
1630	4	9863002	1	C/T
1303	23	14353238	1	C/G
885	19	23447500	1	G/C
1149	21	10513431	1	C/A
307	13	890278	1	G/A
782	18	17581374	1	C/T
621	16	15913948	1	C/T
1904	7	8945930	1	A/T
319	13	5798391	1	A/G
679	16	24720699	1	G/A
828	19	3128991	1	A/G
890	19	24515902	1	G/T
1353	24	5131332	1	A/T
904	19	26193160	1	G/C
940	1	8502543	1	A/G
469	14	27031233	1	G/A
1200	22	416924	1	T/C
1598	3	24631732	1	G/A
476	15	1228146	1	C/G
1680	5	894460	1	C/G
26	10	3121843	1	A/C
629	16	16382767	1	C/G
1331	23	27631828	1	A/T
1910	7	10578182	1	T/G
1948	7	24176322	1	T/C
746	18	8417704	1	A/T
2144	9	3140009	1	A/G
333	13	10647889	1	C/G
76	10	19092681	1	G/A
1738	5	21182178	1	C/T
251	12	12764292	1	C/T
1545	3	8948373	1	A/T
2211	9	23703675	1	C/T
2190	9	17280720	1	G/C
2085	8	15307025	1	A/T
1162	21	13364149	1	A/C
1084	20	21417713	1	T/A
1354	24	6014314	1	C/G
901	19	25250375	1	G/A
229	12	4005583	1	T/A
1843	6	23385261	1	T/A
181	11	25898157	1	G/A
2197	9	19032963	1	C/T
1495	2	26760440	1	C/T
272	12	18098888	1	A/T
1973	7	29909142	1	C/T
85	10	20866324	1	A/G
1538	3	4711822	1	C/G
898	19	25250347	1	A/G
642	16	20076230	1	A/C
1169	21	16415926	1	T/A
1623	4	6985450	1	T/C
1868	6	29246050	1	T/G
241	12	8296730	1	T/C
1731	5	19517788	1	G/T
146	11	12414059	1	A/G
1763	5	25345201	1	T/C
1022	20	10551175	1	A/T
1039	20	15371404	1	T/G
1051	20	16373591	1	G/A
694	17	6621996	1	C/T
1041	20	15372418	1	G/T
1472	2	18674321	1	G/A
1821	6	15523328	1	A/C
930	1	7306039	1	A/T
836	19	10841769	1	G/A
1777	5	32005789	1	C/T
1541	3	5108090	1	T/A
2093	8	17540908	1	T/C
1461	2	12811983	1	C/G
592	16	9732633	1	A/T
2095	8	17564656	1	G/C
1031	20	12903483	1	A/G
48	10	7182562	1	C/G
127	11	4474630	1	C/T
640	16	19830900	1	A/G
1670	4	31392611	1	C/T
1932	7	19512349	1	C/G
1658	4	17999289	1	C/A
803	18	20330521	1	A/G
489	15	4701429	1	A/G
1968	7	27569344	1	T/A
268	12	17277339	1	T/C
862	19	18438008	1	G/A
1880	6	29960228	1	C/G
541	16	356192	1	A/G
968	1	23419193	1	C/T
184	11	28007964	1	T/C
1734	5	20429169	1	A/C
1861	6	27548572	1	A/G
774	18	15910524	1	C/A
1486	2	21946486	1	A/G
967	1	23290439	1	C/A
1418	2	2097923	1	C/T
726	18	2233156	1	G/A
1635	4	11189711	1	A/G
318	13	5798363	1	C/G
258	12	14681307	1	T/A
618	16	14926709	1	A/G
2222	9	30384609	1	A/C
462	14	23963248	1	A/G
190	11	29303489	1	A/G
912	1	1196475	1	A/T
411	14	5505160	1	C/G
1066	20	18766668	1	T/A
1713	5	15013112	1	G/A
2107	8	19788052	1	T/C
674	16	24496094	1	A/T
970	1	23488027	1	T/A
1077	20	21388753	1	G/A
2216	9	27604245	1	A/T
282	12	23198313	1	C/T
515	15	11072055	1	A/T
1595	3	23780816	1	C/T
436	14	12363323	1	G/A
854	19	14978442	1	G/T
1509	2	30172681	1	G/A
519	15	13875772	1	A/C
129	11	4706458	1	G/C
741	18	5401554	1	C/T
2140	9	1420655	1	C/A
983	1	25910862	1	A/T
2030	8	3466382	1	C/T
1043	20	15373680	1	T/C
2143	9	2745523	1	C/T
353	13	12870122	1	C/A
796	18	20298480	1	G/A
356	13	13067201	1	C/T
1347	24	3080730	1	T/C
1016	20	7098276	1	T/G
1927	7	19336596	1	T/A
1402	24	14748575	1	G/A
740	18	5287251	1	G/A
224	12	3273605	1	T/C
1287	23	5409606	1	G/C
482	15	3735882	1	T/A
336	13	10874258	1	A/G
1955	7	26473185	1	T/C
320	13	8386635	1	T/C
522	15	14264693	1	A/G
1784	6	3197778	1	C/T
213	12	1508213	1	T/G
1275	22	26857021	1	G/A
1081	20	21391138	1	G/A
751	18	11954752	1	T/C
670	16	24492351	1	A/G
585	16	9715844	1	A/G
1185	21	24443176	1	C/T
1714	5	15021268	1	A/G
1406	2	622097	1	G/T
1867	6	28524981	1	T/C
70	10	15760623	1	A/G
311	13	4234284	1	G/A
304	12	30165895	1	C/T
2044	8	4202429	1	T/C
879	19	20956460	1	A/T
914	1	2952225	1	T/C
1913	7	12791195	1	C/T
814	18	25690613	1	G/A
1054	20	17316287	1	A/G
933	1	8276771	1	G/T
1288	23	5409612	1	A/C
1308	23	16175956	1	A/G
2198	9	19530548	1	G/T
536	15	24091684	1	C/T
1755	5	24777701	1	A/G
995	1	30057430	1	G/A
423	14	7587459	1	G/A
104	11	1765383	1	A/T
238	12	6512543	1	A/G
122	11	4474610	1	T/C
382	13	20395234	1	A/G
197	11	31133657	1	T/A
533	15	21353366	1	C/T
1795	6	10054299	1	A/G
1739	5	21336831	1	A/T
2075	8	13930983	1	C/T
1013	20	6180257	1	G/T
216	12	1834314	1	G/C
562	16	4430694	1	C/T
454	14	20931147	1	T/A
388	13	25432491	1	C/T
839	19	10944578	1	G/T
424	14	7587462	1	T/C
1002	1	31957294	1	C/T
2199	9	19530612	1	T/C
1528	3	1409718	1	G/A
2178	9	14136778	1	G/A
2058	8	6261844	1	C/T
14	10	886357	1	T/C
1073	20	20442519	1	C/T
1152	21	11028230	1	G/A
1293	23	6842141	1	T/C
1475	2	18745192	1	T/A
843	19	10944624	1	A/G
1102	20	28467279	1	G/C
1878	6	29754768	1	G/A
564	16	4555175	1	T/C
314	13	5513518	1	T/C
51	10	8942698	1	A/T
212	12	1266733	1	G/T
1792	6	8405951	1	C/G
526	15	17480224	1	C/G
493	15	5219324	1	C/T
691	17	5939057	1	C/T
1500	2	26808117	1	G/T
1668	4	28231971	1	G/A
288	12	24802077	1	A/T
1385	24	13626257	1	T/C
270	12	17492557	1	G/T
1484	2	21086188	1	A/T
298	12	28187265	1	A/T
1410	2	1443531	1	C/T
1804	6	10086151	1	C/T
261	12	15283233	1	A/C
1370	24	11800275	1	G/T
1154	21	11028924	1	T/C
1024	20	10710130	1	A/G
1342	24	1557334	1	T/G
2145	9	3140010	1	G/T
1901	7	7977405	1	G/A
1203	22	935266	1	T/C
1234	22	9970351	1	T/A
467	14	26953717	1	A/C
1831	6	18484070	1	G/T
138	11	7859791	1	C/T
1695	5	8860132	1	A/T
2096	8	17564662	1	A/G
433	14	10620305	1	A/C
199	11	31291648	1	G/A
360	13	13641970	1	T/C
2196	9	18923377	1	T/G
215	12	1834312	1	G/A
1320	23	24856293	1	C/T
1546	3	9027512	1	T/A
1700	5	11379985	1	C/T
426	14	7727337	1	G/T
731	18	3822708	1	T/G
646	16	20225321	1	T/C
1754	5	24157654	1	G/C
2015	8	2961147	1	C/T
744	18	7608168	1	G/A
143	11	10838554	1	T/A
23	10	1798646	1	G/A
873	19	20695520	1	A/C
1622	4	6563695	1	A/C
1830	6	18243857	1	G/T
324	13	8856589	1	A/G
681	17	596123	1	C/T
31	10	3706921	1	C/G
398	14	1502615	1	A/C
1591	3	20210832	1	T/C
297	12	27252277	1	G/C
696	17	6981753	1	T/A
690	17	5638875	1	C/T
46	10	6840826	1	T/A
9	10	743384	1	G/C
1608	3	30494686	1	T/C
118	11	4113910	1	T/C
208	12	1266695	1	C/T
305	12	30212479	1	C/A
1648	4	15985574	1	G/A
1842	6	22825468	1	T/G
265	12	16966228	1	T/C
727	18	2802092	1	T/G
1445	2	7855808	1	C/T
494	15	5228380	1	G/A
188	11	28759063	1	T/C
1817	6	13998002	1	C/T
295	12	27105754	1	G/C
1911	7	12791147	1	A/T
65	10	14395090	1	A/T
2169	9	11816921	1	A/C
733	18	3829462	1	C/T
1206	22	2139728	1	A/G
972	1	23717364	1	G/A
1213	22	2630569	1	G/A
622	16	16088043	1	A/T
1655	4	17644453	1	T/A
63	10	13877021	1	C/T
1224	22	3240314	1	A/C
4	10	738954	1	A/G
1396	24	14447872	1	A/C
1665	4	23615665	1	T/C
718	17	19549533	1	C/A
1704	5	11500268	1	G/A
1983	8	256681	1	A/G
1551	3	11065674	1	T/A
1833	6	18854563	1	G/A
358	13	13604973	1	A/G
1364	24	9654641	1	T/G
151	11	16698152	1	T/C
986	1	25910871	1	A/T
54	10	9436158	1	A/G
1187	21	25223726	1	T/A
1393	24	14176537	1	A/G
1692	5	6657769	1	G/A
226	12	3750893	1	A/G
1915	7	13116161	1	C/T
1706	5	12498510	1	A/C
1142	21	9858683	1	T/C
1457	2	11220951	1	A/T
421	14	7439637	1	A/T
1015	20	6910325	1	T/C
349	13	12140238	1	A/G
949	1	15622749	1	T/A
1863	6	27855295	1	T/G
947	1	14419070	1	C/T
1202	22	550517	1	G/C
185	11	28418765	1	A/C
1514	2	30241092	1	T/C
438	14	12588438	1	A/G
1441	2	7293942	1	A/G
1748	5	22670115	1	G/A
27	10	3213385	1	A/G
2117	8	22971382	1	G/C
102	11	692214	1	G/A
980	1	25751935	1	A/G
1479	2	19865677	1	A/G
497	15	5438804	1	T/C
590	16	9724156	1	T/C
1978	7	30853802	1	G/C
162	11	18713977	1	T/C
1782	6	2735215	1	C/T
2151	9	5103500	1	G/C
1941	7	22046443	1	G/T
545	16	712170	1	A/T
450	14	18050850	1	A/T
165	11	20286085	1	T/A
1123	21	6866520	1	C/A
131	11	5762905	1	C/A
145	11	11935134	1	C/T
1820	6	15490243	1	G/A
573	16	7173841	1	C/T
1916	7	13169005	1	G/A
1850	6	24314957	1	T/G
745	18	8143459	1	G/A
665	16	23177399	1	C/T
461	14	23218506	1	C/A
1851	6	24973332	1	A/G
993	1	28347092	1	A/G
346	13	10968867	1	C/T
1294	23	7420586	1	A/G
556	16	4349768	1	G/T
308	13	3296761	1	T/C
1049	20	16338549	1	C/A
1773	5	30522044	1	G/A
47	10	6842531	1	T/A
159	11	18284232	1	C/G
81	10	19940362	1	A/T
1721	5	15514716	1	C/A
1585	3	19076548	1	A/G
1491	2	26145969	1	A/G
363	13	14108996	1	A/G
2037	8	3894370	1	C/A
1378	24	12751416	1	A/T
909	1	1196466	1	A/T
432	14	10502294	1	G/T
354	13	12886185	1	A/C
246	12	10735898	1	C/G
687	17	3164169	1	T/A
903	19	25664884	1	A/T
1178	21	21810162	1	T/A
228	12	4005552	1	G/A
1230	22	5776613	1	T/C
1330	23	27286834	1	T/A
62	10	13500676	1	T/C
2051	8	5333945	1	A/G
1316	23	23805072	1	C/T
1762	5	25344428	1	A/G
2011	8	2702224	1	A/G
1619	4	3622206	1	G/A
362	13	14108990	1	T/C
1485	2	21192955	1	C/G
1567	3	14492647	1	G/C
2098	8	18514964	1	C/T
1594	3	23780375	1	A/G
666	16	23282340	1	G/A
1897	7	6586335	1	T/A
506	15	7675100	1	T/C
2207	9	21766672	1	G/T
501	15	6299108	1	T/C
1069	20	19920236	1	T/C
133	11	6102560	1	G/T
263	12	16646189	1	G/A
612	16	13974386	1	A/G
1578	3	18570045	1	C/T
1343	24	1889288	1	G/A
1192	21	25619990	1	G/A
43	10	4380654	1	C/T
1599	3	26426547	1	A/C
178	11	21970318	1	T/A
1184	21	24244070	1	T/C
1870	6	29302376	1	C/T
91	10	23420782	1	G/A
2027	8	3359634	1	C/G
2120	8	23756028	1	C/T
1083	20	21405813	1	C/A
1854	6	25254865	1	A/C
204	12	586192	1	C/T
2021	8	3155751	1	A/G
1403	24	14851595	1	A/G
756	18	13131661	1	A/G
2062	8	8866653	1	G/A
748	18	10783833	1	C/T
1313	23	19601988	1	A/C
1644	4	14008337	1	C/T
1812	6	12978890	1	C/G
210	12	1266718	1	G/A
1498	2	26760584	1	C/T
1565	3	14492478	1	C/T
1115	21	4364956	1	T/A
1952	7	26472794	1	C/T
859	19	18043210	1	G/T
1995	8	2110969	1	G/C
470	14	27031240	1	G/A
1975	7	30559494	1	G/T
386	13	24752462	1	G/T
1153	21	11028575	1	A/T
1214	22	2630578	1	G/A
1306	23	15278510	1	G/A
1247	22	12614070	1	T/G
1649	4	16091492	1	A/G
1672	4	32270015	1	G/A
2065	8	10788959	1	A/G
2174	9	13770375	1	T/G
765	18	14109197	1	G/T
500	15	6298137	1	A/G
588	16	9718993	1	T/A
925	1	6652611	1	T/C
1783	6	3176984	1	T/A
1186	21	24449362	1	G/T
1109	20	31670382	1	G/T
1132	21	8962154	1	G/A
123	11	4474611	1	T/C
1944	7	22825145	1	T/C
1357	24	6273291	1	T/A
553	16	4218779	1	T/C
273	12	18454150	1	G/T
1297	23	10889726	1	T/A
1436	2	6986017	1	G/A
444	14	13633419	1	A/C
231	12	5816327	1	G/C
227	12	3750914	1	C/A
1117	21	4596142	1	G/T
1614	4	1748084	1	T/C
703	17	12991178	1	T/C
481	15	3570014	1	G/A
1727	5	17286061	1	A/C
490	15	4898308	1	C/T
620	16	15808785	1	A/G
361	13	14096096	1	C/T
857	19	15546011	1	G/A
1113	21	4364064	1	A/G
1404	2	315036	1	A/G
1841	6	20806136	1	T/C
477	15	1446644	1	A/T
2023	8	3160999	1	T/C
2006	8	2686838	1	C/T
1751	5	23330748	1	A/G
757	18	13318443	1	C/G
1726	5	16800716	1	C/T
279	12	22114667	1	C/T
713	17	15640018	1	T/G
1301	23	14135877	1	A/T
1122	21	6685560	1	G/A
861	19	18437233	1	A/G
889	19	24515892	1	T/A
1454	2	10092854	1	A/G
987	1	26098051	1	C/T
338	13	10874591	1	G/A
2179	9	14149469	1	T/C
1070	20	20074858	1	G/C
866	19	19868745	1	T/G
1389	24	13787687	1	C/T
714	17	16794120	1	C/T
36	10	3740765	1	G/A
945	1	14112144	1	A/T
2031	8	3469747	1	A/G
1759	5	25047485	1	A/G
1398	24	14691392	1	A/G
1772	5	29693323	1	T/C
2161	9	7525817	1	T/C
699	17	7309048	1	A/G
2228	9	30989255	1	A/G
1592	3	23777329	1	C/T
961	1	18837922	1	C/G
2170	9	11938412	1	A/G
1544	3	8335087	1	A/G
1519	3	211287	1	A/T
841	19	10944620	1	C/T
1128	21	8657371	1	C/T
1526	3	1009761	1	T/C
672	16	24493531	1	C/T
82	10	20866306	1	G/A
2110	8	21044176	1	G/A
764	18	14106947	1	G/C
788	18	17668873	1	T/C
584	16	9396266	1	C/T
1513	2	30241085	1	C/T
587	16	9718989	1	C/G
1589	3	20083072	1	A/G
1838	6	20202546	1	G/A
313	13	5513514	1	C/T
1008	20	5675117	1	T/C
2041	8	4171164	1	T/C
975	1	24473222	1	C/A
2166	9	9613951	1	C/T
720	18	88448	1	C/T
959	1	18367609	1	C/T
1547	3	9876298	1	G/A
419	14	6280165	1	G/T
1686	5	3875953	1	T/A
999	1	31584655	1	C/T
709	17	15439178	1	G/A
25	10	2952760	1	C/T
2099	8	18515635	1	A/G
794	18	18832162	1	G/C
1576	3	18223933	1	A/T
1507	2	29450753	1	C/T
2150	9	4984880	1	G/A
1652	4	17380405	1	A/C
1460	2	12811933	1	A/G
328	13	10645210	1	C/T
1060	20	17574454	1	A/T
100	11	212021	1	A/T
613	16	13974840	1	A/T
175	11	21669803	1	T/C
559	16	4359807	1	C/T
1525	3	1001722	1	G/A
2123	8	23977818	1	G/A
283	12	23644390	1	G/T
977	1	24746135	1	T/A
1515	2	30245713	1	T/A
1377	24	12751415	1	A/T
2134	8	26135161	1	A/C
966	1	22206574	1	C/T
1710	5	13647126	1	C/A
1684	5	3192907	1	A/G
601	16	10383242	1	A/G
1469	2	13810540	1	A/G
594	16	9748705	1	G/T
94	10	24205337	1	A/C
137	11	7859734	1	T/C
72	10	16682823	1	G/C
1157	21	11562531	1	A/G
183	11	26256766	1	G/T
777	18	17580514	1	C/T
799	18	20324476	1	T/C
1174	21	18000720	1	T/G
2000	8	2168826	1	C/T
759	18	13319583	1	G/C
609	16	11930219	1	C/G
2008	8	2689384	1	A/G
1379	24	12752234	1	C/A
106	11	2629248	1	G/A
1554	3	11736520	1	A/T
1263	22	19237781	1	C/G
1653	4	17381398	1	A/G
771	18	15101290	1	G/A
1459	2	12481332	1	A/C
1222	22	3228522	1	G/T
1291	23	6637660	1	G/T
1211	22	2446459	1	A/G
6	10	742886	1	G/A
502	15	6375241	1	C/A
863	19	18438010	1	A/G
1332	23	28595262	1	A/C
2213	9	24275535	1	A/C
1810	6	12476926	1	C/T
734	18	4187393	1	C/A
633	16	17014300	1	T/A
1428	2	3884150	1	A/G
29	10	3453159	1	G/A
1912	7	12791189	1	C/G
1182	21	24026583	1	A/T
2148	9	4978361	1	T/C
2203	9	20995251	1	A/G
1825	6	17858604	1	G/A
30	10	3464488	1	G/A
1931	7	19419965	1	C/T
596	16	9753008	1	T/C
1340	23	32029554	1	T/C
518	15	13875767	1	A/T
616	16	14924100	1	C/A
896	19	25250338	1	T/A
495	15	5243306	1	C/T
1796	6	10055186	1	G/T
710	17	15577790	1	G/T
906	1	1038593	1	C/G
798	18	20323613	1	T/C
378	13	16620453	1	G/A
172	11	20765607	1	T/C
2188	9	16505864	1	T/A
586	16	9717834	1	A/G
2218	9	29531355	1	C/T
1836	6	19630818	1	T/G
187	11	28566232	1	C/T
144	11	10840518	1	T/C
830	19	7976562	1	G/A
1368	24	11636188	1	C/A
700	17	8186923	1	T/C
474	14	27895832	1	T/C
1333	23	28825516	1	C/T
944	1	13663399	1	G/A
614	16	14392381	1	G/C
1394	24	14249267	1	G/C
776	18	16837218	1	A/C
932	1	7306494	1	A/G
2131	8	25895653	1	A/T
205	12	586195	1	G/A
1918	7	14595669	1	A/T
237	12	5890654	1	G/A
24	10	2059916	1	G/A
2002	8	2402682	1	G/A
1417	2	2097582	1	G/A
1609	3	31754159	1	C/A
17	10	1352955	1	C/T
1325	23	25745236	1	T/G
2043	8	4201829	1	A/G
132	11	6102530	1	C/T
1725	5	16786346	1	G/A
1151	21	10996863	1	G/A
1268	22	20717023	1	T/C
973	1	23728927	1	T/G
1440	2	7238790	1	T/G
2176	9	13800649	1	G/A
486	15	4142840	1	A/T
1273	22	24273423	1	T/A
509	15	9362728	1	T/A
1476	2	19341002	1	G/A
2215	9	27348568	1	T/C
981	1	25775300	1	A/G
1487	2	21947046	1	A/G
2079	8	14560228	1	A/G
87	10	22341684	1	G/T
2001	8	2402575	1	C/T
404	14	3754412	1	G/A
1675	4	34336115	1	G/A
834	19	10463891	1	G/A
1919	7	15252815	1	C/T
1007	20	5399457	1	C/T
869	19	20062366	1	T/G
1148	21	10473549	1	T/C
225	12	3750890	1	G/A
1296	23	9012033	1	T/C
21	10	1569191	1	T/C
1405	2	622082	1	G/A
1590	3	20210820	1	T/A
1014	20	6540014	1	C/G
1160	21	12486533	1	C/T
504	15	6780195	1	T/A
242	12	8453350	1	A/G
119	11	4114092	1	C/A
1906	7	9117938	1	C/T
2102	8	19146240	1	T/G
61	10	13499626	1	T/A
148	11	14566420	1	T/C
108	11	2646190	1	A/C
1702	5	11382520	1	T/C
715	17	16821896	1	T/C
1321	23	25235010	1	T/C
2081	8	14564304	1	G/A
457	14	21703313	1	G/A
1129	21	8749774	1	T/C
1223	22	3228766	1	G/C
393	14	508998	1	C/T
1964	7	26648277	1	G/C
420	14	6664166	1	C/A
1386	24	13629342	1	G/A
1269	22	21458618	1	C/T
169	11	20750980	1	A/G
2200	9	19715264	1	C/A
52	10	9434604	1	T/C
1071	20	20260833	1	T/C
2061	8	8760259	1	G/A
2154	9	5653163	1	T/C
