730	3	13909653	1	A/G
540	21	8454032	1	G/A
1012	9	31062664	1	C/T
574	22	2857345	1	A/G
868	6	28524981	1	T/C
657	2	622097	1	G/T
346	18	3773277	1	A/G
146	13	3328227	1	C/G
611	23	7816627	1	G/A
371	18	17705865	1	T/C
512	20	21389772	1	G/A
439	1	7306368	1	C/A
84	11	21844500	1	G/A
664	2	3858643	1	G/C
716	3	3121308	1	A/T
965	8	21042260	1	T/A
772	4	15954513	1	A/G
323	17	643059	1	G/A
733	3	14489045	1	T/C
641	24	12599456	1	C/T
732	3	14488911	1	C/T
147	13	4234284	1	G/A
480	20	12267903	1	A/G
403	19	19948913	1	A/G
613	23	14028109	1	C/T
943	8	4202429	1	T/C
62	11	7956120	1	G/T
685	2	13810522	1	G/A
431	1	2952225	1	T/C
888	7	12791195	1	C/T
829	5	27849602	1	T/C
413	19	23616648	1	T/C
737	3	15461278	1	T/C
484	20	15367208	1	T/G
201	14	12821354	1	C/G
497	20	17316287	1	A/G
482	20	12904065	1	A/T
163	13	12217123	1	A/G
269	16	7599515	1	C/A
440	1	8276771	1	G/T
336	17	13063127	1	T/C
80	11	20765396	1	T/C
130	12	22625261	1	G/A
118	12	12818599	1	G/A
734	3	14492641	1	C/A
654	24	14748527	1	T/C
305	16	20225270	1	T/A
805	5	15742280	1	T/C
615	23	16175956	1	A/G
531	20	29971305	1	T/A
525	20	25820089	1	T/C
640	24	12216907	1	A/C
1001	9	19530548	1	G/T
821	5	24777701	1	A/G
564	22	546456	1	T/A
889	7	12835747	1	A/G
355	18	11973125	1	T/C
304	16	20225265	1	G/A
106	12	2838361	1	A/G
505	20	19033138	1	T/G
182	13	20395234	1	A/G
42	10	22392129	1	A/G
870	6	29339953	1	C/T
241	15	21917379	1	G/A
835	6	10054299	1	A/G
240	15	21353366	1	C/T
306	16	20225299	1	G/A
739	3	18224178	1	C/T
297	16	16382758	1	G/A
560	21	25620084	1	G/A
262	16	4430694	1	C/T
287	16	11088633	1	T/A
712	3	805501	1	C/A
991	9	12552532	1	A/C
590	22	12930482	1	A/T
195	14	7587462	1	T/C
858	6	23388532	1	A/T
760	4	4242386	1	G/A
688	2	18745192	1	T/A
508	20	20442519	1	C/T
5	10	886357	1	T/C
958	8	16736501	1	G/T
936	8	3175651	1	C/T
647	24	13605391	1	G/C
748	3	23793570	1	T/A
322	17	643047	1	G/A
271	16	8986111	1	A/G
575	22	3177848	1	G/T
264	16	4555175	1	T/C
684	2	13810516	1	G/A
589	22	12681835	1	G/A
363	18	13924563	1	G/T
83	11	20881069	1	A/G
833	6	8405951	1	C/G
127	12	17543080	1	C/T
104	12	1266733	1	G/T
238	15	17480224	1	C/G
767	4	11269618	1	A/G
224	15	5219324	1	C/T
840	6	10136217	1	C/T
327	17	5939057	1	C/T
148	13	5520170	1	C/A
959	8	17531512	1	T/C
782	4	28231971	1	G/A
651	24	14176483	1	T/C
129	12	18810353	1	T/G
126	12	17492557	1	G/T
900	7	22051432	1	G/A
554	21	16415937	1	C/A
213	14	27031231	1	G/A
178	13	15867023	1	C/A
911	8	256670	1	T/C
725	3	10741955	1	C/A
582	22	12390957	1	T/C
961	8	19103143	1	A/G
423	19	25250365	1	C/T
992	9	13764053	1	G/A
139	12	28187265	1	A/T
151	13	8400043	1	T/A
467	1	31600321	1	C/T
447	1	16610096	1	A/G
175	13	15305112	1	G/A
994	9	14042548	1	A/G
572	22	2729844	1	G/C
546	21	11028924	1	T/C
477	20	10710130	1	A/G
771	4	13214709	1	T/C
51	11	4099923	1	G/A
896	7	19513570	1	C/T
93	11	31162544	1	A/T
114	12	10693634	1	A/T
581	22	9970351	1	T/A
852	6	18484070	1	G/T
265	16	4653938	1	T/C
860	6	23388537	1	T/A
263	16	4430699	1	T/C
380	18	26215247	1	C/T
199	14	10620305	1	A/C
94	11	31291648	1	G/A
591	22	13304251	1	T/C
122	12	16966232	1	T/C
558	21	21830749	1	A/G
168	13	13641970	1	T/C
111	12	5816575	1	T/G
791	5	10252345	1	A/G
746	3	23780366	1	T/C
707	2	30247912	1	T/C
210	14	23171790	1	A/C
793	5	11379985	1	C/T
528	20	25999012	1	C/T
834	6	8719181	1	A/C
779	4	17646043	1	T/A
661	2	3271984	1	T/A
160	13	10874630	1	A/G
307	16	20225321	1	T/C
60	11	7502473	1	G/T
677	2	11524292	1	A/C
207	14	20748137	1	C/T
466	1	31222217	1	G/C
372	18	17706355	1	C/A
235	15	10942712	1	C/T
189	14	4004483	1	C/T
649	24	13644387	1	A/T
11	10	1798646	1	G/A
761	4	6563695	1	A/C
576	22	3228260	1	A/G
332	17	7306749	1	A/T
485	20	15368861	1	C/T
386	19	8660595	1	A/T
789	5	6053189	1	T/A
918	8	2077058	1	A/C
187	14	1502615	1	A/C
90	11	29074262	1	G/A
745	3	20210832	1	T/C
173	13	14825107	1	T/C
933	8	3155754	1	G/A
609	23	1260652	1	A/C
551	21	16004477	1	C/T
138	12	27252277	1	G/C
180	13	18039841	1	C/T
879	7	2037932	1	G/C
998	9	16430579	1	T/A
465	1	30044669	1	G/A
331	17	6981753	1	T/A
530	20	29971304	1	T/C
802	5	15511548	1	A/T
637	24	10520241	1	C/T
22	10	6840826	1	T/A
753	4	792156	1	C/G
898	7	22045987	1	G/T
52	11	4113910	1	T/C
100	12	1266695	1	C/T
96	11	31378564	1	A/G
519	20	21660006	1	C/T
134	12	24140995	1	C/A
862	6	24068622	1	T/C
593	22	14449288	1	A/C
190	14	4031857	1	G/T
15	10	3439087	1	C/T
914	8	914989	1	T/C
171	13	14222151	1	C/T
857	6	22825468	1	T/G
987	9	10498392	1	T/A
354	18	11161426	1	T/C
121	12	16966228	1	T/C
606	22	29188158	1	A/G
544	21	9925309	1	A/T
885	7	7404991	1	C/A
770	4	13214708	1	C/T
101	12	1266712	1	C/T
706	2	30247670	1	C/T
957	8	16725801	1	C/G
671	2	7855808	1	C/T
532	20	30775638	1	T/C
894	7	19417547	1	T/A
842	6	12233779	1	T/C
663	2	3812532	1	A/G
225	15	5228380	1	G/A
137	12	27105754	1	G/C
258	16	4349769	1	G/T
170	13	14222146	1	G/A
803	5	15514715	1	T/G
435	1	5698921	1	T/C
273	16	9274236	1	A/G
198	14	10433682	1	A/G
566	22	2139728	1	A/G
348	18	3829462	1	C/T
303	16	19833861	1	T/C
904	7	25384112	1	A/T
453	1	21428359	1	T/A
1005	9	22088613	1	T/C
895	7	19513294	1	A/T
556	21	19995604	1	A/G
871	6	29340070	1	T/C
296	16	16088043	1	A/T
983	9	5269591	1	G/A
827	5	26260349	1	A/G
1003	9	20899427	1	A/C
866	6	25936420	1	G/A
778	4	17644453	1	T/A
498	20	17568996	1	T/C
29	10	13877021	1	C/T
781	4	23615665	1	T/C
500	20	17573573	1	A/T
343	17	19549533	1	C/A
912	8	256681	1	A/G
272	16	9274228	1	A/C
63	11	8551295	1	C/T
562	21	25941850	1	A/G
193	14	5850981	1	G/A
520	20	22031098	1	G/T
926	8	2689284	1	A/G
68	11	16698152	1	T/C
48	11	3369014	1	C/T
636	24	9020096	1	A/T
26	10	9436158	1	A/G
39	10	20866315	1	T/C
726	3	11618947	1	T/G
9	10	1564068	1	G/C
50	11	4062676	1	T/G
718	3	3853544	1	T/C
945	8	4701477	1	C/T
534	21	577849	1	G/A
533	21	236106	1	A/G
30	10	15721265	1	G/A
397	19	15374471	1	T/C
108	12	3750893	1	A/G
504	20	19033134	1	G/A
79	11	20745724	1	C/T
73	11	18284211	1	C/G
694	2	26316502	1	A/C
909	7	26766181	1	G/A
421	19	25250344	1	T/A
714	3	1214345	1	T/A
652	24	14176532	1	C/T
442	1	8427279	1	T/G
112	12	7005614	1	A/T
409	19	21337125	1	G/A
389	19	10944020	1	T/G
492	20	15376599	1	G/A
404	19	19948914	1	A/G
197	14	9780427	1	C/G
956	8	15305432	1	A/G
212	14	25798060	1	G/A
246	16	630528	1	G/C
766	4	11269523	1	C/T
202	14	13335392	1	G/A
801	5	15510131	1	C/A
156	13	10874610	1	A/T
981	9	4979994	1	C/T
750	3	27259181	1	A/G
88	11	28418765	1	A/C
161	13	10874636	1	G/C
763	4	10482886	1	T/C
223	15	5153868	1	C/T
705	2	30241092	1	T/C
280	16	9748679	1	G/A
211	14	24791339	1	T/C
818	5	22670115	1	G/A
463	1	26680579	1	A/C
14	10	3213385	1	A/G
979	9	4971972	1	A/T
817	5	21631463	1	T/A
474	20	7980707	1	C/A
159	13	10874624	1	G/A
993	9	13771767	1	C/T
968	8	22971382	1	G/C
308	16	20724793	1	G/A
700	2	28709182	1	G/A
135	12	26122881	1	A/G
1008	9	25605717	1	T/C
692	2	19865677	1	A/G
459	1	25751935	1	A/G
286	16	11087260	1	C/T
277	16	9724156	1	T/C
674	2	9790347	1	G/A
751	3	27447324	1	A/T
49	11	4059664	1	C/G
830	6	2735215	1	C/T
785	5	892667	1	C/A
75	11	18713977	1	T/C
635	24	7740941	1	G/C
36	10	19521463	1	C/T
568	22	2445566	1	A/G
153	13	9946494	1	G/A
899	7	22046443	1	G/T
683	2	13810514	1	G/A
248	16	712170	1	A/T
765	4	10658723	1	A/G
411	19	23312096	1	A/G
819	5	23693483	1	A/C
205	14	18050850	1	A/T
873	6	29380807	1	G/T
538	21	6866520	1	C/A
77	11	20286085	1	T/A
57	11	5762905	1	C/A
236	15	12019247	1	T/C
608	23	449588	1	T/A
326	17	4443074	1	G/A
1010	9	29987641	1	G/A
65	11	11935134	1	C/T
890	7	13169005	1	G/A
953	8	13546144	1	T/A
231	15	8295690	1	G/A
864	6	24314957	1	T/G
162	13	10904312	1	A/C
239	15	19872331	1	A/C
973	8	25062744	1	A/T
816	5	21444193	1	A/G
352	18	8143459	1	G/A
302	16	17985747	1	C/A
17	10	3739808	1	A/G
841	6	12076766	1	C/T
736	3	14492651	1	T/G
3	10	771193	1	G/A
1006	9	22225236	1	A/G
475	20	9268330	1	C/G
573	22	2831238	1	T/G
522	20	23986966	1	C/T
583	22	12396478	1	C/G
526	20	25904987	1	T/C
20	10	4260773	1	A/G
865	6	24973332	1	A/G
849	6	16183158	1	T/C
754	4	814911	1	A/T
596	22	17292045	1	G/A
278	16	9732416	1	T/C
769	4	13214697	1	A/G
696	2	26547579	1	C/T
384	19	1600937	1	T/C
516	20	21391725	1	A/G
257	16	4349768	1	G/T
145	13	3296761	1	T/C
494	20	16338549	1	C/A
38	10	20866314	1	C/T
419	19	25250333	1	T/A
314	16	24490837	1	G/T
393	19	10954440	1	G/A
74	11	18284232	1	C/G
72	11	17965227	1	C/T
23	10	6842531	1	T/A
249	16	745588	1	T/C
417	19	24940729	1	C/T
313	16	24296236	1	T/C
158	13	10874621	1	G/A
804	5	15514716	1	C/A
260	16	4430688	1	A/C
550	21	13646269	1	C/T
884	7	6784568	1	T/A
644	24	12751416	1	A/T
261	16	4430692	1	C/A
631	24	5104905	1	A/C
764	4	10482889	1	A/G
703	2	30211627	1	A/G
727	3	11618948	1	A/G
780	4	17999295	1	G/T
41	10	22392005	1	A/G
165	13	12886185	1	A/C
620	23	25350924	1	A/G
587	22	12597342	1	A/C
396	19	15150369	1	C/T
967	8	21045940	1	G/T
823	5	25344415	1	A/T
1002	9	20700499	1	A/G
325	17	3164169	1	T/A
557	21	21810162	1	T/A
81	11	20765604	1	G/C
752	3	28739185	1	T/G
624	23	27286834	1	T/A
847	6	13962267	1	A/G
797	5	12511766	1	A/G
487	20	15372416	1	T/C
445	1	15480040	1	A/G
928	8	2702224	1	A/G
825	5	25344428	1	A/G
759	4	3622206	1	G/A
330	17	6698481	1	T/C
282	16	10382171	1	C/T
85	11	23713740	1	T/G
693	2	21192955	1	C/G
985	9	7526370	1	C/A
735	3	14492647	1	G/C
622	23	25813225	1	G/A
103	12	1266731	1	G/A
177	13	15305126	1	G/T
196	14	9484488	1	A/T
960	8	18514964	1	C/T
747	3	23780375	1	A/G
70	11	16974024	1	A/G
891	7	15624131	1	A/G
312	16	23282340	1	G/A
247	16	705562	1	T/A
610	23	6148120	1	A/T
881	7	3019063	1	G/A
437	1	6928566	1	T/A
429	1	1196472	1	A/T
230	15	7675100	1	T/C
506	20	19920236	1	T/C
318	16	24713697	1	C/T
227	15	6299108	1	T/C
616	23	16762586	1	T/A
452	1	19758031	1	G/A
913	8	781706	1	C/T
728	3	12741065	1	A/G
418	19	24940730	1	T/C
59	11	6102560	1	G/T
930	8	3155742	1	G/A
120	12	16646189	1	G/A
166	13	13066730	1	C/T
758	4	3341646	1	G/A
863	6	24252056	1	G/T
293	16	14924101	1	C/A
947	8	5445396	1	A/T
289	16	13974386	1	A/G
110	12	5816572	1	T/A
527	20	25904992	1	C/T
10	10	1798644	1	C/T
184	13	27593237	1	C/G
851	6	17863284	1	T/C
342	17	17485634	1	A/G
690	2	19341004	1	C/A
123	12	16966234	1	A/C
990	9	11958244	1	C/T
499	20	17573176	1	T/C
387	19	10545893	1	T/C
872	6	29340170	1	A/T
21	10	4380654	1	C/T
614	23	16175920	1	T/G
95	11	31335845	1	G/A
666	2	5971561	1	G/A
971	8	23756537	1	C/T
969	8	23756028	1	C/T
517	20	21405813	1	C/A
119	12	14694312	1	T/G
853	6	19010867	1	C/A
71	11	17743878	1	C/T
984	9	7526001	1	T/C
545	21	10047124	1	T/A
949	8	6299471	1	T/C
932	8	3155751	1	A/G
655	24	14851595	1	A/G
105	12	2711487	1	G/A
359	18	13319575	1	C/T
357	18	13131661	1	A/G
208	14	21274737	1	T/G
4	10	886354	1	T/C
814	5	20846958	1	A/G
676	2	10092855	1	A/G
602	22	23362222	1	A/G
128	12	18647353	1	A/T
995	9	14169735	1	T/C
844	6	12978890	1	C/G
102	12	1266718	1	G/A
810	5	17286104	1	G/A
291	16	14614967	1	A/T
633	24	6222208	1	C/T
659	2	1079900	1	C/A
634	24	6478434	1	C/T
234	15	10939329	1	T/C
539	21	8453875	1	C/T
141	12	28358361	1	A/G
252	16	1563056	1	G/C
398	19	18043210	1	G/T
16	10	3739785	1	T/C
877	6	30082505	1	A/C
427	1	1171547	1	T/A
919	8	2110969	1	G/C
809	5	17286097	1	C/A
214	14	27031240	1	G/A
383	19	664362	1	A/G
935	8	3167084	1	A/G
99	12	1149510	1	A/G
675	2	9807958	1	G/A
489	20	15372444	1	A/T
309	16	21275122	1	T/C
806	5	16453880	1	T/G
335	17	13063126	1	T/C
619	23	25350605	1	A/C
952	8	12113790	1	T/C
850	6	17034209	1	G/T
433	1	4016916	1	C/T
907	7	26483111	1	C/T
773	4	16091492	1	A/G
757	4	2721998	1	G/A
588	22	12614070	1	T/G
784	4	32270015	1	G/A
300	16	16382785	1	G/A
951	8	10788959	1	A/G
410	19	23061608	1	T/C
999	9	18284558	1	A/T
892	7	19097320	1	C/T
364	18	14109197	1	G/T
946	8	5117405	1	C/A
46	11	1718661	1	C/T
254	16	4083491	1	A/G
54	11	4114944	1	C/G
229	15	7645124	1	C/A
203	14	16686491	1	C/T
276	16	9718993	1	T/A
233	15	9856851	1	T/C
585	22	12396495	1	G/T
217	15	2691536	1	T/C
321	17	643044	1	C/T
580	22	9470879	1	T/A
194	14	5904402	1	A/G
436	1	6652611	1	T/C
473	20	7764832	1	C/T
687	2	16212006	1	A/T
324	17	2989547	1	T/C
859	6	23388535	1	C/A
91	11	30822630	1	A/T
702	2	30197233	1	A/G
366	18	15910520	1	C/A
966	8	21045914	1	A/G
798	5	13090919	1	C/T
542	21	8962154	1	G/A
243	15	24386535	1	A/T
820	5	23920266	1	T/A
25	10	8557889	1	T/A
901	7	22825145	1	T/C
605	22	29188157	1	A/T
822	5	24955148	1	C/G
646	24	12865004	1	G/A
612	23	10889726	1	T/A
563	22	312892	1	G/A
45	10	24917049	1	T/C
599	22	19684068	1	T/G
143	13	591781	1	G/A
697	2	26760527	1	C/T
570	22	2445572	1	T/A
167	13	13221147	1	T/G
390	19	10944574	1	C/T
813	5	20430601	1	A/T
219	15	4026626	1	G/T
668	2	6931036	1	A/T
218	15	3570014	1	G/A
808	5	17286061	1	A/C
222	15	4898308	1	C/T
996	9	16316458	1	A/G
875	6	29825662	1	G/A
762	4	7620573	1	C/T
698	2	26760579	1	T/C
295	16	15808785	1	A/G
169	13	14096096	1	C/T
535	21	4364064	1	A/G
940	8	3602397	1	C/T
691	2	19385102	1	T/G
567	22	2153470	1	T/C
934	8	3160999	1	T/C
552	21	16414255	1	C/G
630	24	4947690	1	G/A
373	18	20300103	1	C/T
925	8	2686838	1	C/T
845	6	12978891	1	A/C
456	1	24472137	1	C/T
547	21	11028936	1	G/A
334	17	8579764	1	G/A
939	8	3563974	1	T/C
358	18	13318443	1	C/G
186	14	1303810	1	C/T
370	18	17705815	1	G/A
807	5	16800716	1	C/T
183	13	26513476	1	A/T
255	16	4219751	1	G/A
298	16	16382766	1	T/C
792	5	11265596	1	C/T
529	20	26276009	1	G/A
339	17	15640018	1	T/G
742	3	20067910	1	G/A
428	1	1196469	1	A/T
660	2	1442443	1	C/T
963	8	19686466	1	G/A
376	18	20384497	1	C/T
997	9	16316469	1	T/C
848	6	14943081	1	C/T
537	21	6685560	1	G/A
362	18	13320637	1	T/C
777	4	17644452	1	C/T
125	12	17277340	1	G/A
406	19	20687271	1	G/A
927	8	2689392	1	T/C
854	6	19630787	1	A/G
672	2	8044036	1	A/T
415	19	24515892	1	T/A
774	4	16338922	1	C/T
337	17	13412895	1	C/T
559	21	24191309	1	G/T
237	15	13818898	1	C/T
155	13	10874591	1	G/A
395	19	12576545	1	A/G
461	1	26098051	1	C/T
502	20	17575016	1	G/C
571	22	2446714	1	A/T
157	13	10874612	1	G/A
653	24	14747992	1	A/C
458	1	25442366	1	C/T
242	15	24386534	1	A/T
667	2	6218428	1	T/C
340	17	16794120	1	C/T
18	10	3740765	1	G/A
89	11	28486877	1	T/A
729	3	13909652	1	C/A
444	1	14112144	1	A/T
402	19	19858601	1	C/T
710	3	458146	1	T/G
310	16	21796545	1	T/C
929	8	2868550	1	T/G
78	11	20491580	1	G/A
509	20	20700279	1	A/G
244	15	24386536	1	A/G
795	5	11432583	1	C/A
598	22	19233975	1	A/T
594	22	15287149	1	T/A
379	18	23372442	1	A/T
514	20	21390167	1	G/T
882	7	4930483	1	G/A
284	16	10382182	1	A/G
311	16	22015172	1	T/A
256	16	4349746	1	C/T
446	1	16096995	1	C/T
910	7	30891244	1	T/C
1011	9	30989255	1	A/G
35	10	19092720	1	G/C
595	22	15845618	1	T/A
496	20	17264592	1	T/A
451	1	18837922	1	C/G
513	20	21390082	1	C/T
176	13	15305118	1	C/T
811	5	20032310	1	C/G
989	9	11938412	1	A/G
478	20	12193883	1	T/G
856	6	20800222	1	T/G
721	3	8335087	1	A/G
361	18	13319584	1	C/T
709	3	211287	1	A/T
838	6	10071872	1	C/T
449	1	17933223	1	T/A
285	16	10383230	1	G/A
824	5	25344425	1	T/C
541	21	8657371	1	C/T
828	5	26518213	1	C/T
786	5	894444	1	G/A
432	1	3820426	1	C/T
790	5	6053203	1	G/A
37	10	20866306	1	G/A
315	16	24493531	1	C/T
832	6	6270352	1	C/G
369	18	17668873	1	T/C
704	2	30241085	1	C/T
55	11	4303799	1	T/A
743	3	20083072	1	A/G
275	16	9718989	1	C/G
479	20	12260989	1	T/A
855	6	20202546	1	G/A
669	2	7238789	1	A/T
941	8	4171164	1	T/C
368	18	17607258	1	A/G
457	1	24473222	1	C/A
617	23	16763527	1	T/A
549	21	13491672	1	C/T
356	18	13053102	1	A/G
986	9	9613951	1	C/T
268	16	7173844	1	T/C
250	16	756830	1	C/A
97	11	31817741	1	C/T
491	20	15373688	1	G/T
344	18	88448	1	C/T
381	18	29970126	1	C/T
897	7	19515782	1	T/G
191	14	5596826	1	A/G
731	3	13911355	1	C/T
719	3	4784748	1	A/G
98	11	32134421	1	T/G
450	1	18367609	1	C/T
430	1	1213346	1	A/C
723	3	9876298	1	G/A
116	12	11589866	1	A/T
471	20	5710539	1	C/T
948	8	6192130	1	A/G
283	16	10382177	1	G/A
569	22	2445571	1	C/T
521	20	23207179	1	C/T
681	2	13810498	1	G/A
215	15	1228004	1	C/A
978	9	4516947	1	G/A
988	9	11787391	1	C/A
741	3	19159651	1	C/T
33	10	17830767	1	A/C
869	6	29246664	1	G/A
462	1	26659422	1	T/A
140	12	28261524	1	A/G
600	22	20103804	1	T/C
12	10	2952760	1	C/T
724	3	10015789	1	A/T
638	24	11842206	1	C/T
555	21	18242802	1	A/G
245	15	24386537	1	T/G
438	1	6928568	1	A/T
56	11	4626761	1	G/T
174	13	15265367	1	C/A
464	1	26686508	1	T/G
756	4	2721213	1	G/A
982	9	4984880	1	G/A
775	4	17380405	1	A/C
152	13	9368139	1	T/G
678	2	12811933	1	A/G
740	3	19036932	1	A/C
665	2	4813498	1	G/A
501	20	17574454	1	A/T
650	24	13838448	1	T/C
290	16	13974840	1	A/T
579	22	4973399	1	G/A
607	23	387670	1	A/G
713	3	1001722	1	G/A
597	22	18435246	1	G/A
259	16	4359807	1	C/T
267	16	6476870	1	T/C
831	6	3346031	1	A/G
133	12	23644390	1	G/T
944	8	4206137	1	T/C
643	24	12751415	1	A/T
975	8	26135161	1	A/C
799	5	13647126	1	C/A
454	1	22206574	1	C/T
662	2	3812531	1	A/G
142	12	28381683	1	A/G
92	11	30822715	1	T/G
407	19	20832819	1	A/G
788	5	3192907	1	A/G
565	22	1038205	1	T/C
412	19	23490105	1	C/T
686	2	13810540	1	A/G
281	16	9748705	1	G/T
708	2	30247922	1	G/T
136	12	26335804	1	T/G
32	10	16682823	1	G/C
476	20	10710110	1	G/A
87	11	26256766	1	G/T
69	11	16974021	1	A/C
401	19	19541995	1	A/T
27	10	9831126	1	A/C
623	23	26378936	1	T/C
375	18	20324476	1	T/C
923	8	2168826	1	C/T
695	2	26546636	1	G/A
67	11	15140319	1	A/G
144	13	890278	1	G/A
316	16	24496091	1	C/T
360	18	13319583	1	G/C
800	5	14532291	1	A/T
626	23	28825536	1	A/T
44	10	24272495	1	A/G
288	16	11930219	1	C/G
645	24	12752234	1	C/A
149	13	5798391	1	A/G
47	11	2629248	1	G/A
921	8	2135493	1	C/G
711	3	458678	1	G/A
699	2	28488325	1	C/T
319	16	24720699	1	G/A
776	4	17381398	1	A/G
878	7	1811096	1	G/C
905	7	26482832	1	C/T
627	23	28825548	1	A/G
577	22	3228522	1	G/T
416	19	24515902	1	G/T
61	11	7646089	1	A/G
19	10	4071973	1	G/T
408	19	20836339	1	A/G
200	14	12586468	1	A/G
1	10	742886	1	G/A
365	18	14109214	1	T/C
294	16	15060492	1	A/G
328	17	5952615	1	G/A
1000	9	18675376	1	G/T
749	3	24631732	1	G/A
400	19	18438010	1	A/G
216	15	1228146	1	C/G
906	7	26482839	1	G/A
787	5	894460	1	C/G
625	23	27631828	1	A/T
13	10	3121843	1	A/C
299	16	16382767	1	C/G
843	6	12476926	1	C/T
270	16	7758739	1	C/A
349	18	4187393	1	C/A
353	18	8417704	1	A/T
468	1	31600326	1	C/T
682	2	13810510	1	A/G
34	10	19092681	1	G/A
887	7	12791189	1	C/G
815	5	21182178	1	C/T
523	20	25147251	1	T/C
493	20	15934544	1	T/G
722	3	8948373	1	A/T
1007	9	23703675	1	C/T
783	4	28303980	1	G/A
543	21	8973736	1	T/G
434	1	4590381	1	A/C
980	9	4978361	1	T/C
886	7	8378179	1	T/C
1004	9	20995251	1	A/G
755	4	1508478	1	C/T
592	22	14334549	1	T/A
628	23	32029554	1	T/C
548	21	13364149	1	A/C
632	24	6014314	1	C/G
518	20	21417713	1	T/A
292	16	14924100	1	C/A
425	19	25250375	1	G/A
420	19	25250338	1	T/A
109	12	4005583	1	T/A
717	3	3518836	1	T/A
836	6	10055186	1	G/T
86	11	25898157	1	G/A
338	17	15577790	1	G/T
443	1	12724909	1	T/C
179	13	16620453	1	G/A
374	18	20323613	1	T/C
426	1	1038593	1	C/G
82	11	20765607	1	T/C
274	16	9717834	1	A/G
414	19	24366684	1	C/T
422	19	25250347	1	A/G
902	7	24349633	1	A/G
553	21	16415926	1	T/A
738	3	16700368	1	C/T
950	8	8435810	1	T/G
603	22	26570917	1	A/C
64	11	10840518	1	T/C
826	5	25345201	1	T/C
385	19	7976562	1	G/A
333	17	8186923	1	T/C
204	14	17491973	1	A/G
424	19	25250366	1	C/A
846	6	13935636	1	T/C
658	2	622124	1	T/G
768	4	11269623	1	T/C
486	20	15371404	1	T/G
495	20	16373591	1	G/A
673	2	9581841	1	G/A
251	16	953521	1	C/G
510	20	20835409	1	A/C
642	24	12751414	1	A/T
329	17	6621996	1	C/T
488	20	15372418	1	G/T
524	20	25147254	1	G/A
301	16	16979548	1	T/C
181	13	19346496	1	T/C
974	8	25895653	1	A/T
43	10	24169041	1	T/G
937	8	3367095	1	G/T
388	19	10841769	1	G/A
796	5	12498480	1	A/T
679	2	12811983	1	C/G
345	18	2219015	1	T/C
279	16	9732633	1	A/T
391	19	10954249	1	T/C
76	11	19996933	1	G/T
7	10	1352955	1	C/T
621	23	25745236	1	T/G
24	10	7182562	1	C/G
972	8	24481868	1	G/A
942	8	4201829	1	A/G
131	12	22783302	1	A/T
58	11	6102530	1	C/T
172	13	14230239	1	G/C
394	19	12558344	1	A/G
253	16	2828118	1	A/T
8	10	1526854	1	A/G
441	1	8351716	1	C/T
561	21	25727576	1	C/T
221	15	4701429	1	A/G
670	2	7238790	1	T/G
876	6	29960228	1	C/G
124	12	17277339	1	T/C
399	19	18438008	1	G/A
680	2	13293096	1	T/A
920	8	2134360	1	A/C
917	8	1191567	1	G/A
232	15	9362728	1	T/A
689	2	19341002	1	G/A
1009	9	27348568	1	T/C
867	6	27548572	1	A/G
812	5	20429169	1	A/C
970	8	23756110	1	G/A
266	16	5220579	1	A/G
629	24	2715084	1	G/C
367	18	15910524	1	C/A
40	10	22341684	1	G/T
924	8	2402575	1	C/T
639	24	12216873	1	C/G
880	7	2791994	1	G/A
715	3	1821492	1	T/G
392	19	10954395	1	A/T
470	20	5399457	1	C/T
115	12	10954820	1	T/A
405	19	20062366	1	T/G
107	12	3750890	1	G/A
2	10	751589	1	T/C
220	15	4026628	1	A/G
837	6	10068031	1	G/A
744	3	20210820	1	T/A
656	2	622082	1	G/A
192	14	5771669	1	T/A
378	18	22866050	1	G/T
503	20	18766668	1	T/A
964	8	19788052	1	T/C
874	6	29399869	1	A/G
117	12	11650564	1	C/A
317	16	24496094	1	A/T
320	16	24939306	1	G/C
472	20	6540014	1	C/G
584	22	12396486	1	C/T
455	1	23488027	1	T/A
511	20	21388753	1	G/A
382	18	30145680	1	G/T
132	12	23198313	1	C/T
228	15	6780195	1	T/A
536	21	6355968	1	C/T
113	12	8453350	1	A/G
53	11	4114092	1	C/A
962	8	19146240	1	T/G
481	20	12904053	1	A/T
66	11	14566420	1	T/C
701	2	30172681	1	G/A
794	5	11382520	1	T/C
341	17	16821896	1	T/C
351	18	5401554	1	C/T
954	8	14564304	1	G/A
209	14	21703313	1	G/A
839	6	10075479	1	G/T
720	3	8335075	1	C/G
976	9	1420655	1	C/A
938	8	3466382	1	C/T
578	22	3228766	1	G/C
460	1	25910862	1	A/T
6	10	1345358	1	T/G
490	20	15373680	1	T/C
977	9	2745523	1	C/T
206	14	18564819	1	G/C
28	10	12444592	1	T/C
586	22	12396501	1	G/T
164	13	12870122	1	C/A
31	10	15731984	1	A/T
448	1	17928113	1	G/A
185	14	508998	1	C/T
908	7	26648277	1	G/C
883	7	6380696	1	G/T
893	7	19336596	1	T/A
903	7	24349634	1	A/T
350	18	5287251	1	G/A
347	18	3829454	1	A/T
955	8	15238749	1	T/C
154	13	10874258	1	A/G
931	8	3155747	1	C/A
915	8	914990	1	G/A
188	14	4003765	1	G/A
648	24	13629342	1	G/A
150	13	8386635	1	T/C
916	8	1048190	1	G/T
469	1	32181753	1	A/G
483	20	14655793	1	T/C
604	22	26857021	1	G/A
515	20	21391138	1	G/A
861	6	23757887	1	A/C
601	22	21458618	1	C/T
922	8	2135742	1	G/T
618	23	21614508	1	C/A
377	18	20948689	1	T/C
507	20	20260833	1	T/C
226	15	5749576	1	C/A
