566	6	25227848	1	A/T
323	20	17261836	1	T/G
244	18	21611798	1	T/C
471	2	22744586	1	A/G
438	24	12553285	1	G/T
304	20	7559295	1	C/A
320	20	15368747	1	G/A
388	22	7001543	1	A/G
492	3	20080813	1	G/C
172	16	3559122	1	A/C
649	9	19715162	1	G/A
617	8	13159705	1	C/T
580	7	6005068	1	T/C
490	3	19051836	1	C/T
399	22	18370283	1	A/G
554	6	1570989	1	C/T
264	19	23257559	1	A/G
163	15	21352791	1	T/G
119	14	12531908	1	G/A
581	7	6005071	1	A/G
10	10	6922792	1	C/A
18	10	10047801	1	T/C
36	11	3389955	1	C/A
417	23	9105178	1	T/C
260	19	18024553	1	T/G
94	13	10708967	1	A/G
17	10	9746752	1	A/G
491	3	19055222	1	G/A
420	23	13427415	1	T/A
534	5	6370811	1	T/A
453	2	7552659	1	A/G
652	9	22270258	1	A/C
9	10	6512984	1	G/A
287	1	16089499	1	G/A
32	10	17461531	1	A/T
214	17	15686781	1	T/C
481	3	8979646	1	A/C
327	20	17585497	1	C/A
512	4	3030419	1	A/T
14	10	8934798	1	C/G
663	9	27805817	1	T/C
151	15	1521208	1	A/T
270	19	24728902	1	T/A
423	23	13651251	1	C/T
220	18	990744	1	G/C
138	14	21499657	1	A/G
478	3	1235931	1	G/T
195	16	23196768	1	T/C
84	13	890922	1	A/T
178	16	13603985	1	G/A
431	23	23804142	1	A/G
425	23	17510168	1	A/G
111	14	4556804	1	A/C
396	22	12614163	1	C/T
271	19	24798032	1	C/A
609	8	2680207	1	A/G
653	9	23463040	1	C/T
630	8	20630870	1	C/A
5	10	2952585	1	C/G
422	23	13429338	1	C/T
290	1	19232567	1	A/G
8	10	3942461	1	T/A
153	15	3659927	1	A/G
98	13	12029917	1	A/G
389	22	7001555	1	C/T
291	1	22401859	1	T/A
230	18	10309496	1	G/A
500	4	1496772	1	A/G
401	22	22755199	1	T/C
495	3	23852918	1	T/G
493	3	22900011	1	A/G
382	22	2989376	1	T/C
499	3	29715993	1	G/A
39	11	4107425	1	G/A
476	2	26548687	1	T/C
457	2	12121270	1	T/C
224	18	4676718	1	C/T
433	23	26719509	1	A/T
128	14	19895297	1	T/C
489	3	15474650	1	A/G
193	16	21256330	1	G/C
52	11	18696008	1	T/C
103	13	17924461	1	A/G
488	3	13927798	1	G/T
107	13	26712604	1	T/C
449	2	3858634	1	A/G
462	2	16914042	1	C/T
70	12	3267295	1	T/C
479	3	1453254	1	G/A
510	4	3026879	1	A/G
546	5	24201615	1	A/G
527	5	499390	1	T/C
466	2	19263284	1	C/T
312	20	12301834	1	G/C
256	19	9408607	1	A/C
129	14	20724373	1	G/A
648	9	18397857	1	G/A
246	18	26214895	1	A/C
198	17	1737423	1	C/T
440	24	12553301	1	A/G
536	5	7771582	1	C/A
522	4	23634759	1	A/G
468	2	20923301	1	A/C
375	21	23239046	1	A/G
116	14	8032922	1	A/G
7	10	3925979	1	C/G
390	22	7001597	1	A/G
226	18	7608198	1	G/T
661	9	27348008	1	A/G
573	6	28342000	1	A/G
575	6	28493776	1	G/C
557	6	15382573	1	A/T
142	14	23756162	1	T/C
662	9	27623733	1	C/G
82	12	30171666	1	T/A
637	8	26498249	1	G/A
598	7	25206109	1	T/C
310	20	10710131	1	C/A
223	18	4596808	1	G/A
541	5	17751979	1	T/C
502	4	1496795	1	T/A
333	20	17585799	1	T/G
308	20	10170839	1	G/T
125	14	16666324	1	G/T
451	2	7498239	1	C/A
603	7	26933829	1	T/A
265	19	23257579	1	A/G
450	2	5244160	1	T/G
136	14	21133424	1	G/T
123	14	12946491	1	G/C
503	4	1496796	1	T/G
345	20	20834581	1	T/C
413	23	7984611	1	C/G
391	22	8461466	1	C/G
524	4	28009740	1	A/G
194	16	22483070	1	G/A
162	15	13272253	1	T/C
296	1	30044670	1	T/C
257	19	10960921	1	T/C
87	13	3681562	1	G/A
134	14	20997738	1	T/C
394	22	9824190	1	T/C
403	22	24473392	1	A/G
397	22	14826637	1	C/G
369	21	21831305	1	C/A
241	18	17580437	1	T/C
574	6	28493764	1	G/A
314	20	14657384	1	T/C
227	18	9113219	1	G/A
604	7	26933955	1	C/A
437	24	10678851	1	A/G
114	14	7608552	1	C/A
516	4	11250512	1	C/T
406	22	25175413	1	T/C
177	16	9715782	1	C/T
51	11	16695695	1	C/A
356	20	30422279	1	T/A
38	11	4106610	1	A/T
166	16	454790	1	A/T
161	15	12632649	1	T/C
593	7	14595415	1	G/A
600	7	25736767	1	C/A
56	11	21929232	1	A/G
272	19	25249628	1	T/C
3	10	2122538	1	G/T
97	13	12003890	1	A/C
317	20	15367278	1	C/T
579	7	4310937	1	A/G
250	18	30735582	1	G/A
139	14	21499682	1	A/C
595	7	19903211	1	T/A
434	24	2122535	1	G/A
217	17	18468740	1	A/G
99	13	12875634	1	C/T
610	8	2691879	1	A/T
592	7	14494795	1	T/C
292	1	23270861	1	C/T
165	16	415958	1	G/A
225	18	5593667	1	C/T
464	2	18233844	1	G/A
329	20	17585582	1	A/G
133	14	20997735	1	A/G
386	22	7001367	1	C/T
461	2	15234334	1	G/A
486	3	12740887	1	T/C
348	20	21391222	1	G/A
311	20	10869587	1	C/T
424	23	14236323	1	A/G
418	23	9202714	1	C/T
13	10	8567938	1	A/T
509	4	3026703	1	C/A
526	5	494859	1	C/T
475	2	26547761	1	G/C
316	20	15366143	1	C/T
326	20	17269045	1	T/A
154	15	3659933	1	C/T
20	10	15904765	1	T/C
602	7	26506737	1	G/A
21	10	17441859	1	A/G
242	18	19201608	1	T/C
398	22	14826665	1	C/A
384	22	7001276	1	A/G
517	4	11264489	1	C/G
537	5	8078486	1	C/T
474	2	26547758	1	T/C
377	21	23239870	1	T/A
585	7	6585291	1	T/C
515	4	9650933	1	G/A
180	16	15188113	1	C/T
616	8	10795215	1	T/C
228	18	9337804	1	G/C
620	8	16650697	1	T/C
168	16	745586	1	C/T
624	8	16735292	1	T/C
551	5	27849079	1	C/T
664	9	30553428	1	C/G
69	12	1785049	1	A/G
362	21	9571036	1	G/A
187	16	18745326	1	G/C
627	8	18298140	1	G/A
300	20	3164081	1	A/C
92	13	9946748	1	T/C
535	5	6377086	1	A/G
634	8	24002823	1	A/G
325	20	17268156	1	T/A
638	9	452502	1	C/T
313	20	14114581	1	G/A
93	13	9952094	1	A/G
435	24	6443775	1	T/A
497	3	24621854	1	T/C
555	6	12469559	1	G/A
411	23	5353708	1	T/G
409	23	281953	1	A/G
483	3	11815633	1	C/T
212	17	13062782	1	A/T
76	12	10938638	1	C/T
427	23	20006404	1	T/C
599	7	25577083	1	C/G
297	1	30929750	1	G/A
628	8	18301475	1	T/G
657	9	24539872	1	C/A
341	20	17588350	1	A/C
441	24	13169689	1	A/G
426	23	18391740	1	T/C
346	20	21391209	1	A/G
254	19	8240000	1	G/C
192	16	20707736	1	A/C
525	4	28178708	1	A/T
331	20	17585603	1	T/C
322	20	16477647	1	T/A
560	6	19730986	1	G/T
218	17	18959863	1	A/G
261	19	22566005	1	C/A
644	9	14966538	1	C/T
42	11	4667631	1	C/T
89	13	5742948	1	A/G
507	4	3026682	1	G/C
145	15	1228060	1	C/T
496	3	24270028	1	A/T
405	22	25010604	1	A/G
385	22	7001331	1	G/A
337	20	17588314	1	T/C
58	11	25226329	1	T/C
651	9	21712166	1	A/G
334	20	17585860	1	T/C
41	11	4475490	1	C/T
383	22	5660074	1	A/C
137	14	21133425	1	A/C
494	3	23777150	1	A/C
203	17	7034581	1	T/C
110	14	3345463	1	A/G
547	5	24201644	1	T/G
608	8	2132217	1	A/T
465	2	18233845	1	G/A
184	16	16221907	1	T/C
432	23	25315244	1	T/C
589	7	10373030	1	G/T
96	13	11037600	1	C/T
64	11	30944528	1	T/A
611	8	2701260	1	C/T
650	9	20786936	1	T/A
167	16	454799	1	T/C
49	11	14960813	1	C/T
591	7	12615511	1	T/C
307	20	10170430	1	A/C
445	2	1086012	1	C/T
618	8	13159706	1	A/C
170	16	1457269	1	T/C
596	7	22393868	1	T/C
40	11	4114085	1	A/G
615	8	8394216	1	T/G
65	11	31410132	1	T/C
188	16	18745434	1	A/G
233	18	11161960	1	C/A
274	19	25427226	1	G/A
344	20	20325032	1	G/A
470	2	21187544	1	C/T
75	12	10153162	1	G/T
185	16	18137889	1	C/T
309	20	10170841	1	A/G
6	10	3039404	1	C/T
381	22	2858890	1	A/T
586	7	7083771	1	C/T
269	19	24533297	1	A/G
412	23	5409561	1	T/G
623	8	16735291	1	A/T
149	15	1516420	1	C/A
442	24	13530332	1	A/C
229	18	10201081	1	G/T
146	15	1228150	1	C/T
156	15	4561825	1	G/C
204	17	7565548	1	T/C
645	9	16797498	1	T/A
463	2	17699799	1	T/C
469	2	21166312	1	A/G
619	8	13889634	1	A/C
659	9	26037810	1	A/C
306	20	8306588	1	G/A
205	17	11416397	1	T/C
533	5	4975375	1	G/A
360	21	8263681	1	G/C
660	9	26044813	1	A/G
209	17	11859953	1	T/C
550	5	26984307	1	C/T
504	4	1496798	1	G/T
299	20	2806797	1	C/T
24	10	17443846	1	A/T
191	16	19190445	1	G/A
632	8	22941853	1	A/T
528	5	523922	1	T/C
240	18	17580435	1	C/T
88	13	5467518	1	A/G
182	16	15188162	1	G/T
487	3	12944126	1	G/T
332	20	17585612	1	T/G
584	7	6380144	1	C/A
416	23	9054537	1	G/A
243	18	20386838	1	A/C
368	21	15395620	1	G/A
196	16	24314407	1	T/G
211	17	12586087	1	A/G
61	11	29480129	1	G/C
544	5	23460476	1	T/G
255	19	9408606	1	A/T
121	14	12721390	1	A/G
280	1	6766304	1	T/C
626	8	17477778	1	C/T
189	16	18746185	1	A/T
175	16	8910921	1	A/T
85	13	890923	1	T/A
131	14	20997729	1	A/G
293	1	25485861	1	G/A
371	21	23237814	1	G/T
132	14	20997734	1	C/T
576	6	30131667	1	A/C
48	11	10909558	1	C/T
245	18	24043833	1	A/C
252	19	4341594	1	A/G
330	20	17585585	1	A/T
200	17	2989613	1	G/A
222	18	3766371	1	T/C
568	6	26434787	1	C/G
183	16	16040153	1	T/C
258	19	11699774	1	A/G
19	10	11442832	1	C/T
44	11	6495056	1	G/A
83	13	524631	1	G/T
301	20	3164082	1	A/T
374	21	23238204	1	C/T
127	14	18829586	1	C/A
556	6	13068521	1	C/T
640	9	2737329	1	T/C
86	13	1182535	1	G/T
363	21	10462550	1	A/G
28	10	17456215	1	T/C
150	15	1521103	1	G/A
588	7	9264803	1	A/C
276	19	26329993	1	T/C
359	21	7948739	1	G/A
186	16	18745291	1	A/G
373	21	23238087	1	A/T
455	2	9791301	1	A/T
597	7	24843921	1	A/G
298	1	31600327	1	C/T
635	8	24285672	1	T/C
295	1	28703346	1	C/T
410	23	5220586	1	A/T
439	24	12553295	1	A/G
318	20	15367282	1	C/A
548	5	24945310	1	G/A
238	18	16838919	1	A/T
508	4	3026683	1	G/T
234	18	11865381	1	C/T
22	10	17442835	1	A/G
57	11	24804408	1	C/A
237	18	15100333	1	C/T
109	14	1423350	1	C/A
358	21	6933390	1	A/G
105	13	23718060	1	A/C
126	14	18649875	1	G/A
485	3	11980736	1	G/A
393	22	9505064	1	G/C
472	2	24403131	1	A/G
543	5	21456943	1	A/G
561	6	24041265	1	T/C
91	13	9424025	1	T/G
347	20	21391216	1	T/C
106	13	23741868	1	C/A
379	21	25880248	1	A/G
95	13	10709028	1	C/T
351	20	23671343	1	G/A
370	21	23237776	1	T/G
199	17	1738868	1	T/G
376	21	23239800	1	G/A
108	13	27917970	1	A/G
248	18	30391823	1	C/A
448	2	1583864	1	C/T
206	17	11421615	1	C/G
47	11	10837676	1	T/C
197	16	25530350	1	G/A
656	9	23463043	1	C/T
315	20	14657412	1	G/T
514	4	3064602	1	A/G
268	19	23875116	1	C/A
283	1	8810417	1	C/T
629	8	19151125	1	A/C
1	10	1584890	1	A/T
71	12	4484102	1	T/A
247	18	29033304	1	A/C
50	11	16037860	1	A/G
164	15	21917394	1	T/C
26	10	17455251	1	T/G
484	3	11815652	1	T/A
647	9	18373006	1	G/A
59	11	25226331	1	T/C
117	14	9718612	1	G/A
15	10	8934801	1	G/A
171	16	2873301	1	T/C
601	7	26482276	1	C/A
454	2	7592739	1	T/G
90	13	5743405	1	C/T
34	10	24860353	1	A/T
236	18	13406861	1	A/T
607	8	783283	1	C/T
130	14	20997716	1	G/A
342	20	17588525	1	G/A
613	8	5755161	1	T/A
532	5	4975373	1	A/G
392	22	9446646	1	G/A
201	17	3192441	1	T/A
621	8	16727360	1	A/G
625	8	16735307	1	C/T
210	17	11859955	1	T/C
277	19	26335236	1	A/G
460	2	14291228	1	G/A
221	18	2048717	1	C/T
361	21	8263841	1	C/G
43	11	4667675	1	C/T
364	21	10905739	1	C/G
531	5	3428766	1	T/C
118	14	12522020	1	G/A
415	23	9051080	1	T/A
100	13	13112383	1	A/C
68	12	1778573	1	C/T
78	12	17677646	1	T/C
339	20	17588330	1	G/A
590	7	11990202	1	A/G
378	21	25367080	1	G/A
27	10	17456182	1	T/C
157	15	5248932	1	A/G
552	5	29254060	1	A/G
54	11	18696256	1	T/C
2	10	1893535	1	G/T
430	23	22176773	1	A/G
530	5	3428420	1	T/C
518	4	14254855	1	T/C
572	6	27925550	1	C/A
404	22	25010603	1	A/G
152	15	1521230	1	A/G
352	20	25269616	1	T/G
505	4	2209370	1	T/C
235	18	11940798	1	C/T
31	10	17457397	1	C/A
33	10	23509182	1	A/C
46	11	9490534	1	T/G
387	22	7001540	1	T/C
16	10	9437433	1	A/T
545	5	24201231	1	C/T
513	4	3064599	1	T/A
665	9	30553450	1	A/G
282	1	8810013	1	A/G
305	20	8051991	1	C/T
658	9	25949533	1	T/C
262	19	23069015	1	A/G
207	17	11678077	1	T/C
519	4	14254921	1	T/C
612	8	4910821	1	C/A
208	17	11856946	1	C/A
402	22	23063306	1	G/T
343	20	18316118	1	T/G
273	19	25292392	1	G/C
216	17	18468739	1	C/G
633	8	23416362	1	C/T
148	15	1498632	1	C/G
562	6	24041266	1	A/C
571	6	27910806	1	G/T
456	2	11058184	1	T/C
395	22	10188252	1	T/C
636	8	25267070	1	G/T
25	10	17455233	1	A/G
144	14	26600462	1	C/G
101	13	13629115	1	C/A
421	23	13428563	1	G/C
501	4	1496777	1	T/C
263	19	23246475	1	G/A
655	9	23463042	1	C/T
587	7	7405664	1	G/C
4	10	2951892	1	A/G
173	16	5242038	1	G/A
202	17	5954975	1	T/C
605	7	26957593	1	T/C
523	4	24864430	1	G/A
366	21	10905960	1	A/T
35	11	1050565	1	A/G
259	19	17929233	1	C/A
278	1	1463133	1	G/A
567	6	25972343	1	A/T
436	24	10039433	1	A/C
443	2	253665	1	A/T
275	19	25632537	1	G/T
529	5	525180	1	G/A
140	14	21499689	1	T/G
340	20	17588347	1	G/T
614	8	8320597	1	A/G
641	9	4949305	1	C/A
176	16	9168555	1	T/C
349	20	21965079	1	A/T
480	3	4100868	1	G/A
115	14	7735312	1	C/A
447	2	1583863	1	C/G
72	12	4960653	1	G/T
338	20	17588317	1	A/G
414	23	8959916	1	C/T
45	11	7687219	1	G/T
286	1	15974929	1	C/T
429	23	21618104	1	T/G
281	1	7360285	1	A/G
336	20	17588279	1	A/T
169	16	938447	1	C/A
372	21	23238078	1	C/T
408	22	26529598	1	G/A
174	16	7505667	1	A/T
559	6	17020535	1	T/A
577	7	3660570	1	G/A
459	2	12520481	1	T/G
155	15	3776682	1	G/A
631	8	21701604	1	T/C
380	22	547591	1	G/A
321	20	16373688	1	C/T
80	12	22812141	1	A/G
563	6	24041274	1	A/T
143	14	24330307	1	C/A
294	1	28161907	1	C/G
646	9	17191168	1	T/C
367	21	13933824	1	T/C
159	15	9556693	1	C/T
112	14	5596625	1	G/A
63	11	30823173	1	G/A
23	10	17442883	1	C/T
53	11	18696244	1	T/C
266	19	23257587	1	T/C
30	10	17457394	1	G/A
355	20	29337764	1	A/G
279	1	6639825	1	C/T
179	16	13607340	1	C/T
353	20	25269617	1	T/G
158	15	7645123	1	C/A
147	15	1234643	1	C/T
540	5	16185657	1	G/A
564	6	24253693	1	T/A
249	18	30735569	1	C/G
498	3	29715992	1	A/G
606	7	31365447	1	A/G
324	20	17261852	1	A/T
303	20	5800427	1	T/C
73	12	7237899	1	C/T
400	22	22092390	1	A/G
639	9	1763723	1	T/C
135	14	21133409	1	G/A
79	12	18585826	1	T/C
267	19	23804564	1	A/T
467	2	19959508	1	C/A
452	2	7551490	1	T/A
124	14	13366376	1	C/T
583	7	6289839	1	A/T
357	21	594496	1	T/C
542	5	18728112	1	T/C
12	10	8141426	1	G/A
251	18	33392629	1	A/G
302	20	3164084	1	A/G
477	3	458677	1	C/T
511	4	3026905	1	C/A
190	16	18747351	1	T/C
444	2	622164	1	C/G
62	11	30406374	1	T/G
285	1	14946361	1	G/T
458	2	12480867	1	T/G
520	4	15889097	1	C/T
289	1	18966136	1	G/A
446	2	1086039	1	T/C
160	15	10936007	1	A/G
104	13	20875632	1	T/A
582	7	6256356	1	T/C
37	11	3989314	1	T/G
284	1	8836386	1	A/G
578	7	3672457	1	A/G
482	3	10327556	1	G/A
122	14	12785189	1	T/C
219	18	465512	1	G/A
181	16	15188159	1	G/A
570	6	27910797	1	A/T
538	5	8414742	1	C/T
319	20	15367299	1	C/T
288	1	16485226	1	G/A
81	12	24515356	1	A/G
350	20	23053860	1	T/C
120	14	12687747	1	A/T
365	21	10905821	1	C/T
11	10	8136236	1	G/A
60	11	27895753	1	G/T
506	4	3026676	1	G/A
113	14	6440825	1	C/A
654	9	23463041	1	C/T
67	12	1271680	1	C/T
335	20	17588278	1	C/T
141	14	23218357	1	G/A
642	9	5537986	1	C/T
407	22	26529558	1	A/G
232	18	10313934	1	G/T
253	19	4962331	1	T/C
521	4	16727795	1	G/T
239	18	17580176	1	C/T
643	9	13522124	1	G/T
622	8	16727365	1	C/A
473	2	26547744	1	A/G
419	23	9203365	1	T/A
569	6	26961753	1	T/C
55	11	20745863	1	A/C
354	20	26320877	1	G/T
553	5	30493619	1	C/T
215	17	17778062	1	A/C
66	12	1271671	1	G/T
231	18	10309497	1	A/T
428	23	21433803	1	G/A
565	6	25186974	1	G/T
549	5	26077700	1	T/C
29	10	17457229	1	A/G
102	13	14165752	1	C/T
539	5	15021241	1	C/T
558	6	16120426	1	G/A
213	17	15002615	1	G/A
594	7	19512225	1	T/G
328	20	17585505	1	G/A
77	12	13937450	1	A/C
74	12	9362118	1	A/G
